tree
version=v4
num_class=1
num_tree_per_iteration=1
label_index=0
max_feature_idx=12
objective=regression
feature_names=場 枠番 級 年齢 体重 F数 平均ST 全国勝率 全国2連 当地勝率 当地2連 モータ2連 ボート2連
feature_infos=-1:5:21:23:11:16:14:7:17:20:6:1:0:4:19:13:10:15:18:8:9:22:2:3:12 [1:6] [1:4] [17:77] [40:69] [0:3] [0:0.31] [0:8.5399999999999991] [0:1] [0:10.289999999999999] [0:1] [0:1] [0:1]
tree_sizes=2722 2848 2832 2837 2853 2875 2862 2853 2864 2873 2830 2829 2822 2821 2833 2829 2823 2864 2862 2851 3027 3045 3032 3064 3048 3059 3036 3055 3023 3066

Tree=0
num_leaves=31
num_cat=6
split_feature=1 7 7 1 7 1 7 10 7 8 7 1 0 7 9 9 7 7 0 0 0 7 1 0 6 9 11 3 0 1
split_gain=154.456 73.1631 28.6103 22.9202 15.3085 9.74895 9.2861 6.95371 3.75971 2.53307 1.91861 1.89927 1.76123 1.98071 1.64034 1.42454 1.41327 1.27476 1.23905 1.21293 1.19933 1.21557 1.18036 1.11841 1.13796 1.0946 1.07685 1.09906 1.04628 1.02261
threshold=1.5000000000000002 5.0650000000000004 2.9850000000000008 4.5000000000000009 5.5250000000000012 4.5000000000000009 6.3050000000000006 0.50655000000000017 4.1050000000000013 0.21525000000000002 6.955000000000001 3.5000000000000004 0 5.785000000000001 7.4850000000000012 5.8850000000000007 6.0650000000000004 2.0550000000000002 1 2 3 5.3750000000000009 3.5000000000000004 4 0.19500000000000003 4.4250000000000007 0.35280000000000006 44.500000000000007 5 5.5000000000000009
decision_type=2 2 2 2 2 2 2 2 2 2 2 2 9 2 2 2 2 2 9 9 9 2 2 9 2 2 2 2 9 2
left_child=4 2 17 6 8 9 11 12 -1 23 -9 15 -5 -14 -8 18 -6 -2 -3 -17 21 -13 28 24 -4 -25 -24 -28 -11 -7
right_child=1 3 5 7 16 29 14 10 -10 22 -12 20 13 -15 -16 19 -18 -19 -20 -21 -22 -23 26 25 -26 -27 27 -29 -30 -31
leaf_value=0.50291027968665147 0.45877315974227639 0.49837202993061674 0.50073103468921476 0.48496462204167873 0.53033226480979945 0.48222383922039552 0.51350541947766359 0.50059546515675235 0.52053931159754296 0.49309836741492441 0.51681027983789829 0.49163250234248568 0.48741028002068587 0.49770924922378645 0.52535012909400058 0.50414424819493431 0.53883124897087709 0.46855719880862606 0.50677539143794037 0.51568157760963029 0.49403355287758755 0.50781937078742556 0.49470128543334452 0.48206430830418567 0.47837579704094563 0.49097125545514131 0.47677870063909233 0.49415604285369585 0.50066532022942878 0.47610319311228311
leaf_weight=160 361 347 106 530 282 590 967 270 496 364 100 63 360 388 133 218 639 211 347 194 297 176 189 422 29 205 95 59 356 508
leaf_count=160 361 347 106 530 282 590 967 270 496 364 100 63 360 388 133 218 639 211 347 194 297 176 189 422 29 205 95 59 356 508
internal_value=0.499345 0.493631 0.482835 0.502226 0.527914 0.486838 0.507827 0.492905 0.51624 0.491317 0.504978 0.503064 0.48941 0.492839 0.514938 0.505432 0.536229 0.462382 0.502667 0.51009 0.498179 0.503384 0.494471 0.486917 0.496164 0.485202 0.489644 0.483436 0.496771 0.479392
internal_weight=9462 7885 3495 4390 1577 2923 2742 1648 656 1825 370 1642 1278 748 1100 1106 921 572 694 412 536 239 1063 762 135 627 343 154 720 1098
internal_count=9462 7885 3495 4390 1577 2923 2742 1648 656 1825 370 1642 1278 748 1100 1106 921 572 694 412 536 239 1063 762 135 627 343 154 720 1098
cat_boundaries=0 1 2 3 4 5 6
cat_threshold=7363632 8935675 10132769 14197138 2105345 3851496
is_linear=0
shrinkage=1


Tree=1
num_leaves=31
num_cat=6
split_feature=1 9 7 1 2 1 7 9 7 8 7 0 0 7 0 8 9 0 0 1 7 1 1 2 8 1 1 0 3 9
split_gain=125.106 60.5886 24.2091 16.3209 12.4771 9.36577 7.66678 5.14858 2.82616 2.68044 2.309 1.70838 1.59086 1.56834 1.48436 1.48323 1.44749 1.44328 1.40495 1.20998 1.19248 1.18396 1.15899 1.41428 1.12569 0.983236 0.915617 0.792992 0.792544 0.775183
threshold=1.5000000000000002 5.0650000000000004 2.9850000000000008 4.5000000000000009 2.5000000000000004 4.5000000000000009 6.3050000000000006 6.7650000000000006 4.2550000000000008 0.21680000000000002 4.8350000000000009 0 1 6.5650000000000004 2 0.41070000000000007 8.0350000000000019 3 4 5.5000000000000009 2.0550000000000002 5.5000000000000009 3.5000000000000004 2.5000000000000004 0.36785000000000007 5.5000000000000009 2.5000000000000004 5 27.500000000000004 5.5250000000000012
decision_type=2 2 2 2 2 2 2 2 2 2 2 9 9 2 9 2 2 9 9 2 2 2 2 2 2 2 2 9 2 2
left_child=4 2 20 6 8 9 10 11 -1 -4 -3 -5 -9 19 -10 -6 28 -12 -11 24 -2 27 -20 -24 -13 -14 -19 -7 -8 -30
right_child=1 3 5 7 15 21 16 12 14 18 17 13 25 -15 -16 -17 -18 26 22 -21 -22 -23 23 -25 -26 -27 -28 -29 29 -31
leaf_value=0.0052934708153184566 -0.037201259753233955 -0.005522009915113449 -0.011712982315559443 -0.01359713291566746 0.027337003489927066 -0.0092326476148539977 0.021385126956131151 -0.0048211962366715459 0.0070841906219720838 -0.0079440792530775083 0.0099280273090947817 -0.0094638236108925446 0.015733794190157625 0.0050510423919878714 0.023058371589734006 0.03569489408431091 0.034523811761070701 0.0070758543289624739 0.0018158701761963481 -0.011372327385993487 -0.027708800373625414 -0.021685556191845805 -0.010206400022694941 0.012518024141900242 0.0019870163738420327 0.0033295436784988499 0.00055133653160348631 -0.018239620093154552 -0.0029634444944320187 0.013121646090975278
leaf_weight=211 355 250 698 398 319 238 115 107 110 490 399 154 133 121 302 635 34 325 477 356 211 531 190 32 194 123 636 393 31 894
leaf_count=211 355 250 698 398 319 238 115 107 110 490 399 154 133 121 302 635 34 325 477 356 211 531 190 32 194 123 636 393 31 894
internal_value=3.1455e-07 -0.00514204 -0.014669 0.00292352 0.0257121 -0.0111431 0.00767599 -0.00511911 0.014705 -0.00679394 0.00331078 -0.00822318 0.00533898 -0.00540038 0.019525 0.0329002 0.0142197 0.00493446 -0.00390623 -0.00727343 -0.0336626 -0.0182059 -0.000948476 -0.00693081 -0.00308031 0.0094065 0.00272946 -0.0152778 0.0135559 0.0125826
internal_weight=9462 7885 3615 4270 1577 3049 2684 1586 623 1887 1610 1223 363 825 412 954 1074 1360 1189 704 566 1162 699 222 348 256 961 631 1040 925
internal_count=9462 7885 3615 4270 1577 3049 2684 1586 623 1887 1610 1223 363 825 412 954 1074 1360 1189 704 566 1162 699 222 348 256 961 631 1040 925
cat_boundaries=0 1 2 3 4 5 6
cat_threshold=6298672 575520 50562 3219986 2639090 2418185
is_linear=0
shrinkage=0.1


Tree=2
num_leaves=31
num_cat=6
split_feature=1 9 7 1 7 1 7 10 0 8 8 7 0 7 0 0 9 7 7 0 1 9 0 8 7 9 1 2 3 1
split_gain=101.516 49.1252 19.5869 13.2551 10.2336 7.615 6.25932 4.21403 2.75098 2.40054 2.16703 1.93827 1.7378 1.44888 1.33325 1.22065 1.26213 1.20453 1.13828 1.13157 1.09644 1.01635 1.00829 0.981913 0.965911 0.951732 0.94458 0.908704 0.902887 0.862392
threshold=1.5000000000000002 5.0650000000000004 2.9850000000000008 4.5000000000000009 5.535000000000001 4.5000000000000009 5.8750000000000009 0.50735000000000008 0 0.2114 0.21680000000000002 6.6450000000000005 1 6.955000000000001 2 3 5.0250000000000012 4.8750000000000009 5.535000000000001 4 5.5000000000000009 2.0850000000000004 5 0.43980000000000008 2.0550000000000002 6.3950000000000005 5.5000000000000009 3.5000000000000004 47.500000000000007 3.5000000000000004
decision_type=2 2 2 2 2 2 2 2 9 2 2 2 9 2 9 9 2 2 2 9 2 2 9 2 2 2 2 2 2 2
left_child=4 2 24 6 8 10 12 14 21 28 -4 22 17 23 20 -12 -17 -3 -16 -13 -5 -1 27 -9 -2 -6 -7 -8 -10 -24
right_child=1 3 5 7 25 26 11 13 9 -11 15 19 -14 -15 18 16 -18 -19 -20 -21 -22 -23 29 -25 -26 -27 -28 -29 -30 -31
leaf_value=-0.00095334787453923899 -0.033481134132180422 -0.0047768047174154699 -0.01054168408870014 -0.0070487586942511032 0.026627348003745905 -0.013793516825004917 -0.0030385143784941106 0.0077202479654954652 -0.012637670549438963 0.01292206571596425 -0.0072788877178451977 0.004935598723192252 -0.0013181684518203305 0.01508830674737692 -0.010428259065419294 0.00023059143308612115 -0.018748655109792144 0.01128344366193882 -0.0015462669739779486 0.017228126859647693 -0.016008281926390748 0.021747865079453699 0.012682050962176958 -0.0045651518527803749 -0.024937920489511784 0.033089319758582862 -0.019517000714095973 0.0085009615757951039 0.0055568042008773142 0.0051431667854388557
leaf_weight=21 355 59 698 289 434 631 138 118 67 205 491 121 807 100 209 661 37 224 466 509 259 324 466 145 211 480 531 135 46 225
leaf_count=21 355 59 698 289 434 631 138 118 67 205 491 121 807 100 209 661 37 224 466 509 259 324 466 145 211 480 531 135 46 225
internal_value=-1.17143e-06 -0.00463341 -0.0132119 0.00262918 0.02316 -0.0100405 0.00691209 -0.00461881 0.0137017 0.00627412 -0.00611876 0.0109055 0.00107222 0.00484263 -0.00742707 -0.00352229 -0.000764519 0.00766437 -0.00423367 0.015219 -0.0110811 0.0197924 0.00808648 0.000946929 -0.0302963 0.0300209 -0.016409 0.00257355 -0.00523107 0.0100814
internal_weight=9462 7885 3615 4270 1577 3049 2684 1586 663 318 1887 1594 1090 363 1223 1189 698 283 675 630 548 345 964 263 566 914 1162 273 113 691
internal_count=9462 7885 3615 4270 1577 3049 2684 1586 663 318 1887 1594 1090 363 1223 1189 698 283 675 630 548 345 964 263 566 914 1162 273 113 691
cat_boundaries=0 1 2 3 4 5 6
cat_threshold=8272168 11608080 6372656 2120946 1359904 9573441
is_linear=0
shrinkage=0.1


Tree=3
num_leaves=31
num_cat=10
split_feature=1 7 7 1 2 7 1 9 0 10 1 0 10 7 0 9 0 1 0 0 0 1 0 9 8 7 0 2 0 11
split_gain=82.2167 40.2613 14.6334 12.5032 8.36854 5.37144 5.21176 3.86096 2.34596 1.78713 1.49644 1.61243 1.70236 1.45762 1.31837 1.30802 1.28509 1.26661 1.25825 1.22416 1.19562 1.17601 1.15564 1.08157 1.0192 0.96158 0.927154 0.892956 0.881693 0.848145
threshold=1.5000000000000002 5.0250000000000012 2.9850000000000008 4.5000000000000009 2.5000000000000004 5.8750000000000009 3.5000000000000004 6.7650000000000006 0 0.24200000000000002 5.5000000000000009 1 0.39520000000000005 6.6450000000000005 2 4.205000000000001 3 3.5000000000000004 4 5 6 5.5000000000000009 7 4.6050000000000013 0.41070000000000007 5.8650000000000011 8 2.5000000000000004 9 0.34875000000000006
decision_type=2 2 2 2 2 2 2 2 9 2 2 9 2 2 9 2 9 2 9 9 9 2 9 2 2 2 9 2 9 2
left_child=4 2 -2 5 8 17 15 10 -1 -10 11 -5 -13 -7 -8 22 25 28 -9 -15 -19 23 -4 -16 -6 -12 -17 -18 -3 -23
right_child=1 3 6 7 24 13 14 18 9 -11 16 12 -14 19 21 26 27 20 -20 -21 -22 29 -24 -25 -26 -27 -28 -29 -30 -31
leaf_value=0.020338652029497441 -0.026927291837983303 -0.00011341392812205525 7.26904261155405e-05 -0.0085207982654761337 0.02211925510330225 0.0074646260611253212 -0.006854310368230059 -0.0046639025146546576 -0.00030304615223861262 0.0129191899554723 -0.009557083570237818 -0.0054636067079230285 0.0090735203723112737 0.0066677730328713854 -0.015817305112394615 -0.0052074417693858946 -0.019140829783190722 -0.01149497806136288 0.0080390263600905142 0.016839954461902378 0.00034114255732487121 -0.023752858148266873 -0.01130677853754565 -0.0088501340216025712 0.029047476312147425 0.0087319276050517435 0.0018125167697347622 -0.010190936740258104 0.0067096247091605167 -0.014348894277412589
leaf_weight=209 572 400 128 348 319 1021 342 105 184 230 58 174 150 230 503 376 159 124 256 410 242 204 353 400 635 57 362 373 357 181
leaf_count=209 572 400 128 348 319 1021 342 105 184 230 58 174 150 230 503 376 159 124 256 410 242 204 353 400 635 57 362 373 357 181
internal_value=3.79484e-07 -0.00416835 -0.0123309 0.00208709 0.020844 0.00619828 -0.00940041 -0.00472575 0.0118296 0.00687654 -0.00723373 -0.0039287 0.00122862 0.00981001 -0.0130991 -0.00445459 -0.0106665 0.000856254 0.00443776 0.0135516 -0.00397366 -0.0145908 -0.00851212 -0.0127311 0.0267308 -0.000452728 -0.00181005 -0.0126284 0.00319146 -0.0193318
internal_weight=9462 7885 3421 4464 1577 2784 2849 1680 623 414 1319 672 324 1661 1630 1219 647 1123 361 640 366 1288 481 903 954 115 738 532 757 385
internal_count=9462 7885 3421 4464 1577 2784 2849 1680 623 414 1319 672 324 1661 1630 1219 647 1123 361 640 366 1288 481 903 954 115 738 532 757 385
cat_boundaries=0 1 2 3 4 5 6 7 8 9 10
cat_threshold=8263712 4415280 8691713 4326016 575520 1427488 2283552 4989440 14140514 678635
is_linear=0
shrinkage=0.1


Tree=4
num_leaves=31
num_cat=7
split_feature=1 9 7 1 7 1 7 10 7 8 7 0 7 0 12 0 7 10 0 10 9 7 11 0 7 0 11 11 0 10
split_gain=66.6776 32.9359 12.8346 8.77627 6.91184 5.02102 4.16587 2.85315 2.24563 1.5398 1.40072 1.21854 1.31889 1.15437 1.13589 1.14768 1.1272 1.10784 1.09481 1.02297 1.22597 1.17534 1.04287 1.01068 0.907827 0.886251 0.847379 0.843895 0.826643 0.803377
threshold=1.5000000000000002 5.0650000000000004 2.8150000000000004 4.5000000000000009 5.6850000000000014 3.5000000000000004 6.3350000000000009 0.50655000000000017 4.0850000000000009 0.19890000000000005 4.8350000000000009 0 6.0650000000000004 1 0.32335000000000008 2 6.955000000000001 0.65445000000000009 3 0.39785000000000004 4.5250000000000012 4.785000000000001 0.33945000000000008 4 6.2950000000000008 5 0.33255000000000007 0.44985000000000003 6 0.30825000000000002
decision_type=2 2 2 2 2 2 2 2 2 2 2 9 2 9 2 9 2 2 9 2 2 2 2 9 2 9 2 2 9 2
left_child=4 2 -2 6 8 9 10 14 -1 25 -3 -7 -13 29 28 -16 -9 -8 19 20 21 -10 -22 -12 -17 26 -4 -25 -5 -11
right_child=1 3 5 7 -6 11 17 16 18 13 23 12 -14 -15 15 24 -18 -19 -20 -21 22 -23 -24 27 -26 -27 -28 -29 -30 -31
leaf_value=0.00070701085937184256 -0.025136359909412556 -0.0042971222639083869 -0.0081493824720382697 -0.014570180154960911 0.024989514626584962 -0.0065092185996128704 0.01007619714935773 0.00062657395446742031 -0.015609122607214698 -0.0041755163091096994 -0.00040370055355166946 -0.013884570666593083 0.0045471678581088786 0.0015191787226350173 -0.0093993692868884586 -0.0035018043291189307 0.013055100448429585 0.027479235896546592 0.01785751602507326 -0.0091849540670712795 0.005173029202538041 0.01239863989213782 0.023455632664263249 0.0044298937667834682 0.0058557967779102865 -0.01211313515677488 0.0088048234886052654 0.013008178801586232 -0.0054229501812230983 -0.019350012086140803
leaf_weight=148 531 250 74 208 838 423 978 270 29 331 412 1318 40 554 225 377 100 38 371 30 52 31 78 874 143 256 49 132 263 39
leaf_count=148 531 250 74 208 838 423 978 270 29 331 412 1318 40 554 225 377 100 38 371 30 52 31 78 874 143 256 49 132 263 39
internal_value=1.67955e-06 -0.00375249 -0.0107766 0.00219418 0.0187725 -0.00830419 0.00567917 -0.00370349 0.0117226 -0.00358683 0.00260442 -0.0117555 -0.0132441 -0.00138521 -0.00604311 -0.00361296 0.00398564 0.0107271 0.0144812 0.00762905 0.0106854 -0.00113845 0.0161426 0.00382119 -0.000910946 -0.00895438 -0.00129036 0.00550079 -0.00988697 -0.00562302
internal_weight=9462 7885 3615 4270 1577 3084 2684 1586 739 1303 1668 1781 1358 924 1216 745 370 1016 591 220 190 60 130 1418 520 379 123 1006 471 370
internal_count=9462 7885 3615 4270 1577 3084 2684 1586 739 1303 1668 1781 1358 924 1216 745 370 1016 591 220 190 60 130 1418 520 379 123 1006 471 370
cat_boundaries=0 1 2 3 4 5 6 7
cat_threshold=8430088 1623128 6822928 116611 4347913 926976 6355242
is_linear=0
shrinkage=0.1


Tree=5
num_leaves=31
num_cat=5
split_feature=1 7 1 7 2 7 10 1 0 1 0 0 7 0 9 12 10 9 0 3 4 9 10 8 1 1 4 2 8 11
split_gain=54.1009 27.1232 9.07085 8.57757 5.6878 4.39243 2.90123 2.89306 1.86167 1.40642 1.33179 1.13542 1.43508 1.04303 1.35997 1.14371 1.03019 1.02471 0.984838 1.57883 1.0776 0.939222 0.998964 0.926345 0.893694 0.822372 0.807413 0.814255 0.792519 0.824031
threshold=1.5000000000000002 4.8950000000000005 4.5000000000000009 2.8150000000000004 2.5000000000000004 5.8750000000000009 0.50655000000000017 3.5000000000000004 0 5.5000000000000009 1 2 5.8150000000000004 3 5.745000000000001 0.40780000000000011 0.24200000000000002 8.0350000000000019 4 46.500000000000007 51.500000000000007 7.7250000000000005 0.59475000000000011 0.17170000000000002 5.5000000000000009 5.5000000000000009 54.500000000000007 3.5000000000000004 0.31905000000000006 0.40640000000000004
decision_type=2 2 2 2 2 2 2 2 9 2 9 9 2 9 2 2 2 2 9 2 2 2 2 2 2 2 2 2 2 2
left_child=4 3 5 25 8 10 9 18 -1 13 -3 12 -11 -4 15 -15 -10 -7 19 -5 -20 22 24 -22 -8 -2 27 -26 29 -25
right_child=1 2 6 7 -6 17 21 -9 16 11 -12 -13 -14 14 -16 -17 -18 -19 20 -21 23 -23 -24 28 26 -27 -28 -29 -30 -31
leaf_value=0.016211737522139287 -0.018580819911677655 -0.0042056355142483012 -0.0069658941407869397 0.0075456813698013617 0.021759759258982617 0.0077001886330033886 0.010995765937672507 -0.011290057119717194 -0.00093784320363125135 -0.011460144749953081 0.0024832721620735893 -0.012389179129499777 0.0039765049074965766 -0.0088129436619943241 0.0072468848539942723 0.0087373247913395367 0.0095001520425458223 0.02524111293776728 -0.012031850056214766 -0.009921657152568238 -0.010516337867660128 0.018479325426252267 -0.0080161020589562572 -0.0029895407300689382 -0.014717813513495707 -0.026420563329821047 -0.019353261590003969 0.0067913661795583648 -0.021092356145381928 0.0075655576634280231
leaf_weight=241 284 422 375 150 954 1627 124 1424 172 118 948 462 123 164 166 48 210 34 220 79 157 38 78 347 22 253 20 88 20 94
leaf_count=241 284 422 375 150 954 1627 124 1424 172 118 948 462 123 164 166 48 210 34 220 79 157 38 78 347 22 253 20 88 20 94
internal_value=-1.55772e-06 -0.00338319 0.0012477 -0.0108113 0.0169066 0.00460196 -0.00432009 -0.00834008 0.00947491 -0.00632946 0.000410321 -0.00954606 -0.00343899 -0.00332645 0.000456319 -0.0048393 0.00467786 0.00805924 -0.00440308 0.00145624 -0.00595062 0.00358707 0.00188254 -0.00388207 0.00492228 -0.0222744 -0.000870899 0.00248953 -0.00162268 -0.000739701
internal_weight=9462 7885 4857 3028 1577 3031 1826 2491 623 1456 1370 703 241 753 378 212 382 1661 1067 229 838 370 332 618 254 537 130 110 461 441
internal_count=9462 7885 4857 3028 1577 3031 1826 2491 623 1456 1370 703 241 753 378 212 382 1661 1067 229 838 370 332 618 254 537 130 110 461 441
cat_boundaries=0 1 2 3 4 5
cat_threshold=8263720 4347944 5116800 5135152 4202505
is_linear=0
shrinkage=0.1


Tree=6
num_leaves=31
num_cat=7
split_feature=1 9 7 1 9 1 2 9 0 0 0 8 0 7 10 7 0 8 9 0 10 0 7 3 4 6 10 10 7 10
split_gain=43.8839 22.1665 8.40647 5.82177 4.82416 3.75029 2.9269 1.91253 1.63498 1.58553 1.20966 1.14226 1.37685 1.13193 1.04007 1.28298 1.02959 0.993516 0.965797 0.90771 0.902797 0.825393 0.903961 0.82455 0.841867 0.823825 0.906209 1.52749 0.958238 0.885068
threshold=1.5000000000000002 5.0650000000000004 2.9850000000000008 4.5000000000000009 5.5750000000000011 4.5000000000000009 3.5000000000000004 7.4500000000000011 0 1 2 0.16745000000000004 3 7.0450000000000008 0.31865000000000004 5.8750000000000009 4 0.23035000000000003 5.745000000000001 5 0.54355000000000009 6 3.7850000000000006 51.500000000000007 53.500000000000007 0.16500000000000004 0.36400000000000005 0.40115000000000006 5.9750000000000005 0.49865000000000004
decision_type=2 2 2 2 2 2 2 2 9 9 9 2 9 2 2 2 9 2 2 9 2 9 2 2 2 2 2 2 2 2
left_child=4 2 -2 6 8 11 9 13 17 -3 18 12 23 19 15 16 -13 -1 -8 20 -5 22 -7 24 -4 26 -11 28 -28 -29
right_child=1 3 5 7 -6 21 10 -9 -10 25 -12 14 -14 -15 -16 -17 -18 -19 -20 -21 -22 -23 -24 -25 -26 -27 27 29 -30 -31
leaf_value=-0.002619800104064421 -0.020002393319202397 -0.0025421028428964688 0.0134602998766829 -0.0016271687502356349 0.020237738592066217 -0.017111103313537428 -0.0089491688190622542 0.011441829657160688 0.01354690881696282 0.012957810130760526 0.011486285531236142 0.001218477636575699 -0.013706234092535699 0.0060039755144934044 -0.011751203466791753 0.012342971588595439 -0.0045956940205099106 0.0084124934125914784 0.0060839240874248834 -0.006103642314127306 0.017688571059933076 -0.013564013357532784 -0.0056457817351255116 -0.012865117214181843 -0.007879121672233631 0.00096226170129283571 -0.010981883704662325 0.010841757095043075 0.010347952467522452 -0.0029935832231723029
leaf_weight=142 566 537 51 349 866 83 47 87 377 165 622 451 216 109 121 59 926 192 471 1015 26 678 401 34 29 443 85 228 28 58
leaf_count=142 566 537 51 349 866 83 47 87 377 165 622 451 216 109 121 59 926 192 471 1015 26 678 401 34 29 443 85 228 28 58
internal_value=-1.91626e-06 -0.00304754 -0.00880999 0.00183098 0.0152262 -0.0067323 0.00466938 -0.00297247 0.00912214 0.00183184 0.0085125 -0.00398016 -0.00932437 -0.00380906 -0.00284747 -0.00209723 -0.00271594 0.00361392 0.00463053 -0.00457857 -0.000280465 -0.0112016 -0.00745785 0.000165861 0.00572476 0.00414837 0.00672449 0.00414681 -0.00569661 0.00803599
internal_weight=9462 7885 3615 4270 1577 3049 2684 1586 711 1544 1140 1887 330 1499 1557 1436 1377 334 518 1390 375 1162 484 114 80 1007 564 399 113 286
internal_count=9462 7885 3615 4270 1577 3049 2684 1586 711 1544 1140 1887 330 1499 1557 1436 1377 334 518 1390 375 1162 484 114 80 1007 564 399 113 286
cat_boundaries=0 1 2 3 4 5 6 7
cat_threshold=8431315 12720680 4114441 12988416 8979225 8389259 10790665
is_linear=0
shrinkage=0.1


Tree=7
num_leaves=31
num_cat=8
split_feature=1 7 7 1 7 1 7 7 0 10 7 1 0 0 0 8 0 2 10 10 0 0 0 1 1 6 6 9 6 8
split_gain=35.5984 18.2896 7.12419 4.782 4.02174 3.75993 2.41931 1.42591 1.39254 1.23355 1.16652 1.10932 1.09217 1.01808 0.997094 0.996738 0.966469 0.943065 0.920823 0.913947 0.879344 0.852064 0.85003 0.816932 0.778255 0.737763 0.736544 0.72058 0.705299 0.700195
threshold=1.5000000000000002 5.3950000000000005 2.9850000000000008 5.5000000000000009 5.7150000000000007 3.5000000000000004 6.3350000000000009 4.0850000000000009 0 0.65445000000000009 4.5550000000000006 3.5000000000000004 1 2 3 0.45115000000000011 4 3.5000000000000004 0.46210000000000007 0.16515000000000005 5 6 7 5.5000000000000009 3.5000000000000004 0.19500000000000003 0.20500000000000004 5.6650000000000009 0.16500000000000004 0.31905000000000006
decision_type=2 2 2 2 2 2 2 2 9 2 2 2 9 9 9 2 9 2 2 2 9 9 9 2 2 2 2 2 2 2
left_child=4 2 -2 6 7 10 8 -1 11 16 21 18 -6 19 -5 -13 -8 29 -3 -7 -12 25 -9 -15 -18 -4 -23 -22 -21 -10
right_child=1 3 5 14 12 13 9 22 17 -11 20 15 -14 23 -16 -17 24 -19 -20 28 27 26 -24 -25 -26 -27 -28 -29 -30 -31
leaf_value=-0.00038464510360279602 -0.017704874517597988 -0.00011172862853180399 0.0023285037694326582 -0.0088579484539153177 0.0080062325552312866 -0.012775058416943803 0.0093394216292132706 0.005163655269341207 -0.015988471414893866 0.022915724785222361 -0.0023252477378694603 -0.0030510288612938235 0.020148280569236954 -0.0082304098720122568 -0.0012068738709542089 -0.016897186044542517 0.007156373542225496 0.010000353652933336 0.011463319884941859 0.0048354609825764783 0.0028259410649434202 -0.0076789284275359101 0.013614306328368769 -0.013161674450883634 0.00025144441928368516 -0.014357469466825326 0.0084407615785797429 0.015517115100937071 -0.0047437296178648065 0.0030199115457108772
leaf_weight=148 572 359 227 349 134 95 643 239 20 48 362 352 693 1114 348 61 330 221 85 112 287 514 363 481 323 30 30 53 245 624
leaf_count=148 572 359 227 349 134 95 643 239 20 48 362 352 693 1114 348 61 330 221 85 112 287 514 363 481 323 30 30 53 245 624
internal_value=-3.23167e-06 -0.00274631 -0.00734797 0.00229436 0.0137122 -0.0056792 0.00399404 0.00840928 0.00151238 0.00717367 -0.0018812 -0.00134996 0.0185213 -0.00846786 -0.0051823 -0.0050961 0.00659063 0.00431398 0.00210422 -0.00397029 0.00109467 -0.00448926 0.0105712 -0.00965697 0.00368449 0.000366465 -0.00666741 0.00466701 -0.00173849 0.00242959
internal_weight=9462 7885 4122 3763 1577 3550 3066 750 1722 1344 1503 857 827 2047 697 413 1296 865 444 452 702 801 602 1595 653 257 544 340 357 644
internal_count=9462 7885 4122 3763 1577 3550 3066 750 1722 1344 1503 857 827 2047 697 413 1296 865 444 452 702 801 602 1595 653 257 544 340 357 644
cat_boundaries=0 1 2 3 4 5 6 7 8
cat_threshold=712264 8482 303617 9559392 12597195 4899305 4727553 4310403
is_linear=0
shrinkage=0.1


Tree=8
num_leaves=31
num_cat=8
split_feature=1 7 1 9 9 7 1 0 1 0 7 0 9 7 8 0 0 9 0 11 11 10 0 7 9 12 0 10 1 4
split_gain=28.9522 14.9396 5.16275 4.63745 3.33424 3.1756 1.72214 1.43559 1.42021 1.37952 1.18289 1.15787 1.02372 0.934976 0.934916 0.921788 0.894434 0.888797 1.01949 0.918282 0.827445 0.789013 1.02708 0.764669 0.702583 0.670512 0.6627 0.655855 0.618294 0.742316
threshold=1.5000000000000002 4.8950000000000005 5.5000000000000009 2.2650000000000001 5.5450000000000008 6.3350000000000009 3.5000000000000004 0 4.5000000000000009 1 6.5850000000000009 2 7.4850000000000012 2.0550000000000002 0.31905000000000006 3 4 4.285000000000001 5 0.33945000000000008 0.35310000000000002 0.16845000000000002 6 3.7850000000000006 5.5750000000000011 0.39115000000000005 7 0.34300000000000003 3.5000000000000004 52.500000000000007
decision_type=2 2 2 2 2 2 2 9 2 9 2 9 2 2 2 9 9 2 9 2 2 2 9 2 2 2 9 2 2 2
left_child=4 3 5 13 7 6 11 -1 14 -8 -4 -3 15 -2 17 -7 20 18 -5 -20 -10 -19 -23 -22 26 -21 27 -13 29 -24
right_child=1 2 10 8 -6 12 9 -9 16 -11 -12 24 -14 -15 -16 -17 -18 21 19 25 23 22 28 -25 -26 -27 -28 -29 -30 -31
leaf_value=0.0024855801949372125 -0.018849545211439403 0.0072585532837169224 -0.0079171178312032707 -0.011085704629524396 0.016468187231905292 0.002070504040609837 -0.00518091116358688 0.011740385506307426 -0.008231951723832431 0.0013765738316291109 0.00069469833218206017 -0.0023938739328247726 0.013866305004495833 -0.011358640489619298 -0.015626222112526497 0.0078383980932434909 -0.010954514040147703 0.012289667665594962 -0.0082138817230362204 0.0052885301043421058 -0.0097432783451573621 -0.0057376804019321943 -0.001577624507999721 0.0097384552338829079 0.0036926536967036546 -0.0077296775713976895 0.0018690533106505631 -0.014404348755488173 -0.004336746353969103 0.0089991027588645616
leaf_weight=357 355 421 684 250 879 509 680 341 144 597 208 157 164 314 66 671 649 41 167 148 29 357 119 66 465 54 237 64 119 150
leaf_count=357 355 421 684 250 879 509 680 341 144 597 208 157 164 314 66 671 649 41 167 148 29 357 119 66 465 54 237 64 119 150
internal_value=1.72914e-06 -0.00247207 0.000964796 -0.0079849 0.0123707 0.00251118 0.000484629 0.00721072 -0.00590084 -0.00214507 -0.00590898 0.00298323 0.00646325 -0.0153336 -0.00399445 0.00543436 -0.00905883 -0.00344804 -0.00628223 -0.00265546 -0.00331413 -0.00121603 -0.00195929 0.0037914 0.000944291 0.00180842 -0.00182546 -0.00561782 0.00162325 0.00432018
internal_weight=9462 7885 4857 3028 1577 3965 2621 698 2359 1277 892 1344 1344 669 1471 1180 888 1405 619 369 239 786 745 95 923 202 458 221 388 269
internal_count=9462 7885 4857 3028 1577 3965 2621 698 2359 1277 892 1344 1344 669 1471 1180 888 1405 619 369 239 786 745 95 923 202 458 221 388 269
cat_boundaries=0 1 2 3 4 5 6 7 8
cat_threshold=8431571 6774312 2434626 4048928 10772993 1638618 16483840 8933433
is_linear=0
shrinkage=0.1


Tree=9
num_leaves=31
num_cat=8
split_feature=1 9 8 1 8 1 0 9 1 0 0 7 7 0 7 3 7 0 7 7 9 10 10 7 7 0 11 9 0 0
split_gain=23.4885 12.471 4.57556 3.45795 2.83773 2.01196 1.67182 1.6182 1.16816 1.62581 1.14864 1.11247 1.09546 0.973035 0.954108 0.809574 0.798469 0.790343 0.772229 0.769795 0.975174 1.01508 0.763365 0.935951 0.732374 0.730343 0.850019 0.682962 0.848488 0.613988
threshold=1.5000000000000002 5.0650000000000004 0.15300000000000002 3.5000000000000004 0.41070000000000007 4.5000000000000009 0 7.4000000000000012 5.5000000000000009 1 2 6.9650000000000007 2.0550000000000002 3 4.0850000000000009 31.500000000000004 6.6450000000000005 4 5.3750000000000009 5.6850000000000014 6.3950000000000005 0.59775000000000011 0.31865000000000004 5.8750000000000009 4.5150000000000006 5 0.34985000000000005 4.4350000000000014 6 7
decision_type=2 2 2 2 2 2 9 2 2 9 9 2 2 9 2 2 2 9 2 2 2 2 2 2 2 9 2 2 9 9
left_child=4 2 12 11 6 22 -1 8 9 -5 15 24 -2 -14 -8 -10 -17 -7 -11 -20 -21 29 23 27 -3 -26 -27 -4 -29 -22
right_child=1 3 5 7 -6 17 14 -9 10 18 -12 -13 13 -15 -16 16 -18 -19 19 20 21 -23 -24 -25 25 26 -28 28 -30 -31
leaf_value=0.01520725135691464 -0.016964590186384364 -0.0042773890135554124 -0.0040863114845117844 0.0039883674668694273 0.016091049895315113 -0.0039449705509091923 -0.0028281458791752814 0.0089018041641458941 -0.0097632128672746881 -0.0081662237022537745 -0.0086248597246151529 0.012052827046105411 -0.0012070534745446193 -0.011905810299767523 0.0067242915685012967 -0.00031241129177318554 0.015293110828650626 -0.010084810301948162 0.0070847693602649536 -0.006271379265493664 0.0082186182245000527 -0.014443099901482865 -0.0099656878354812961 0.010634476066393367 0.0019997936840170454 0.0037201542716262049 0.01025215675542787 0.0050169260953279102 -0.002431723664972834 -0.00059232423126985491
leaf_weight=210 355 102 841 592 668 376 128 155 77 200 384 188 120 454 571 239 38 643 98 334 124 37 121 59 696 454 355 228 418 197
leaf_count=210 355 102 841 592 668 376 128 155 77 200 384 188 120 454 571 239 38 643 98 334 124 37 121 59 696 454 355 228 418 197
internal_value=1.73392e-06 -0.00222645 -0.0065487 0.00143278 0.0111427 -0.0044564 0.00750623 -0.000990708 -0.00165163 -0.000119021 -0.00493698 0.00477435 -0.0125981 -0.00989758 0.00490489 -0.000673889 0.00182842 -0.00795696 -0.00258929 -0.00121018 -0.0023849 0.00124103 -0.00231659 -0.00171792 0.00392285 0.00447862 0.00650606 -0.00220803 0.00023723 0.00304886
internal_weight=9462 7885 3615 4270 1577 2686 909 2475 2320 1582 738 1795 929 574 699 354 277 1019 990 790 692 358 1667 1546 1607 1505 809 1487 646 321
internal_count=9462 7885 3615 4270 1577 2686 909 2475 2320 1582 738 1795 929 574 699 354 277 1019 990 790 692 358 1667 1546 1607 1505 809 1487 646 321
cat_boundaries=0 1 2 3 4 5 6 7 8
cat_threshold=1972224 11870595 5161611 4239360 10790409 13818241 229657 5224
is_linear=0
shrinkage=0.1


Tree=10
num_leaves=31
num_cat=3
split_feature=1 7 11 0 7 9 0 9 0 9 8 8 9 5 3 1 7 7 9 8 8 1 3 8 8 10 12 7 8 12
split_gain=8.05882 2.01377 1.45505 1.24916 1.06088 1.40842 0.953023 0.829001 0.811281 0.683019 0.609834 0.623027 0.600351 0.578344 0.560591 0.610841 0.514353 0.702952 0.57614 0.677858 0.594569 0.479404 0.519463 0.494324 0.741496 0.45531 0.801886 0.452402 0.595115 0.451996
threshold=2.5000000000000004 5.1850000000000014 0.61250000000000016 0 3.5650000000000004 5.3250000000000011 1 3.7750000000000004 2 6.1850000000000014 0.27570000000000006 0.18225000000000002 4.7250000000000005 1.0000000180025095e-35 38.500000000000007 1.5000000000000002 5.8550000000000013 5.5550000000000006 6.2150000000000007 0.43370000000000003 0.4270500000000001 4.5000000000000009 34.500000000000007 0.16585000000000003 0.28005000000000008 0.13290000000000005 0.35020000000000001 4.3450000000000006 0.26810000000000006 0.38125000000000003
decision_type=2 2 2 1 2 2 1 2 1 2 2 2 2 2 2 2 2 2 2 2 2 2 2 2 2 2 2 2 2 2
left_child=6 2 4 9 -2 8 7 -1 21 -3 11 -10 -12 -7 -9 -16 17 -5 20 -20 -18 23 -23 -6 -25 26 -8 -27 -29 -21
right_child=1 3 -4 16 5 13 25 14 10 -11 12 -13 -14 -15 15 -17 18 -19 19 29 -22 22 -24 24 -26 27 -28 28 -30 -31
leaf_value=-0.010332136510987766 -0.015076449332181129 0.016442426842533883 0.019496736923465506 0.00081994491579764081 -0.0086524874614995161 -0.024910923696491713 0.0171120271848684 0.012386935924444641 -0.015503621654352174 0.00014462248189374804 -0.025872058444656433 -0.0019397003900063334 -0.0046911259272905152 -0.0080073886870273524 0.010120675195779267 -0.0036690519572908269 -0.0032735366828557919 -0.01105854175633417 0.0090076917142141617 -0.0031130862091105944 0.011600727855693549 0.005609627514948241 -0.0092842349504579352 0.0141199799351839 -0.0047965874585012593 0.0051195438541269504 -0.0098877380856058818 0.0271332967793569 0.014081824758128884 -0.017937518641352655
leaf_weight=32 158 72 20 94 21 48 22 102 44 40 32 147 23 35 58 72 41 106 40 116 78 36 67 67 30 46 22 40 276 25
leaf_count=32 158 72 20 94 21 48 22 102 44 40 32 147 23 35 58 72 41 106 40 116 78 36 67 67 30 46 22 40 276 25
internal_value=0.000928873 -0.00354849 -0.00710286 0.000679579 -0.00785426 -0.00577952 0.00988361 0.00458272 -0.00364616 0.00975114 -0.00743397 -0.00506437 -0.0170146 -0.0177829 0.00683748 0.00248329 -0.00151713 -0.00547565 0.00107131 -0.00248203 0.00647598 0.00086728 -0.00407861 0.00525796 0.0082695 0.0128999 0.00361214 0.0143851 0.0157339 -0.00574153
internal_weight=2010 1340 728 612 708 550 670 264 467 112 246 191 55 83 232 130 500 200 300 181 119 221 103 118 97 406 44 362 316 141
internal_count=2010 1340 728 612 708 550 670 264 467 112 246 191 55 83 232 130 500 200 300 181 119 221 103 118 97 406 44 362 316 141
cat_boundaries=0 1 2 3
cat_threshold=66177 91360 26546
is_linear=0
shrinkage=0.1


Tree=11
num_leaves=31
num_cat=3
split_feature=1 7 1 0 0 7 0 8 3 6 8 10 11 8 11 11 7 10 8 10 8 7 8 3 12 12 1 9 12 12
split_gain=6.52764 1.65439 1.12866 0.972558 0.835546 0.822795 0.822764 0.785536 0.679487 0.674931 0.638895 0.825242 0.569679 0.547749 0.514615 0.490886 0.484238 0.464539 0.416435 0.718023 0.665254 0.63869 0.621352 0.612178 0.415802 0.4673 0.426144 0.381225 0.491736 0.684352
threshold=2.5000000000000004 5.1250000000000009 5.5000000000000009 0 1 6.2150000000000007 2 0.27825000000000005 41.500000000000007 0.17500000000000002 0.1812 0.34735000000000005 0.32360000000000005 0.36890000000000006 0.38995000000000007 0.43955000000000005 6.0450000000000008 0.35250000000000009 0.29960000000000003 0.2838500000000001 0.25595000000000007 3.9200000000000004 0.31755000000000005 44.500000000000007 0.39015000000000005 0.43670000000000003 4.5000000000000009 4.1950000000000012 0.11435000000000001 0.34155000000000008
decision_type=2 2 2 1 1 2 1 2 2 2 2 2 2 2 2 2 2 2 2 2 2 2 2 2 2 2 2 2 2 2
left_child=4 2 6 8 5 16 9 10 -3 -2 -8 15 24 18 -4 -12 27 -14 19 20 21 -6 -20 -21 26 -26 -5 -1 -29 -30
right_child=1 3 14 12 13 -7 7 -9 -10 -11 11 -13 17 -15 -16 -17 -18 -19 22 23 -22 -23 -24 -25 25 -27 -28 28 29 -31
leaf_value=-0.0056838143140670256 0.010234851485404831 0.0023432391366133322 -0.016482101772119531 0.0015434744022439109 0.00018881548661738636 0.012513694516095667 -0.0097671360246928754 -0.014986329822568223 0.017763008713247441 -0.0046730130808754714 0.0038617365162244583 -0.019236041818346299 0.010693229700404185 0.016576760403413628 -0.0047616688633122699 -0.011834578047526759 -0.013879065259208715 -0.00016234210095916914 -0.012191394530236722 0.025918452880190065 -0.0069845036431043245 0.019200107394609339 0.0082489014121479003 0.0054477392030613768 -0.020360286434491476 -0.0016393001472655062 -0.0065086201775472535 -0.0090671297244261963 0.016843719245430003 0.00011669611375705869
leaf_weight=44 65 65 134 134 30 81 122 84 51 57 149 21 54 159 52 23 21 146 20 48 27 43 58 21 30 24 129 20 47 51
leaf_count=44 65 65 134 134 30 81 122 84 51 57 149 21 54 159 52 23 21 146 20 48 27 43 58 21 30 24 129 20 47 51
internal_value=0.000835986 -0.00319364 -0.00651839 0.000519776 0.00889524 0.00397199 -0.00413108 -0.00623764 0.0083986 0.003022 -0.00410268 -0.000522039 -0.00138369 0.0117103 -0.0132054 0.00176281 0.000408281 0.00276866 0.00905176 0.0118413 0.00642687 0.0113872 0.0030078 0.0196882 -0.00404712 -0.0120398 -0.00240603 0.00226034 0.00522257 0.00813884
internal_weight=2010 1340 707 633 670 264 521 399 116 122 315 193 517 406 186 172 183 200 247 169 100 73 78 69 317 54 263 162 118 98
internal_count=2010 1340 707 633 670 264 521 399 116 122 315 193 517 406 186 172 183 200 247 169 100 73 78 69 317 54 263 162 118 98
cat_boundaries=0 1 2 3
cat_threshold=66081 83172 912
is_linear=0
shrinkage=0.1


Tree=12
num_leaves=31
num_cat=3
split_feature=1 7 11 0 1 0 7 7 9 10 11 7 8 1 10 8 10 8 7 8 3 7 12 1 6 6 4 7 0 8
split_gain=5.28739 1.38393 0.826968 0.742409 0.882331 0.676792 0.666464 0.524321 0.679528 0.600546 0.502106 0.465071 0.443676 0.395309 0.487329 0.337313 0.582048 0.569434 0.517339 0.503295 0.486416 0.335336 0.361064 0.334407 0.551241 0.341849 0.337147 0.33151 0.323726 0.331163
threshold=2.5000000000000004 3.5650000000000004 0.48595000000000005 0 5.5000000000000009 1 6.2150000000000007 6.1550000000000011 5.9850000000000003 0.52600000000000013 1.0000000180025095e-35 5.7400000000000011 0.36890000000000006 1.5000000000000002 0.35560000000000008 0.29960000000000003 0.28175000000000011 0.25595000000000007 3.9200000000000004 0.31755000000000005 44.500000000000007 4.5050000000000008 0.27795000000000009 4.5000000000000009 0.17500000000000002 0.19500000000000003 55.500000000000007 5.3250000000000011 2 0.32040000000000007
decision_type=2 2 2 1 2 1 2 2 2 2 2 2 2 2 2 2 2 2 2 2 2 2 2 2 2 2 2 2 1 2
left_child=5 -2 3 -3 7 6 13 23 -9 -10 -6 -12 15 14 -1 16 17 18 -7 -17 -18 -15 -23 25 26 28 -25 -21 29 -5
right_child=1 2 -4 4 10 12 -8 8 9 -11 11 -13 -14 21 -16 19 20 -19 -20 27 -22 22 -24 24 -26 -27 -28 -29 -30 -31
leaf_value=0.011844813807781939 -0.011450228436257351 0.00088683851011329181 0.0073265208297983763 -0.0038759941630291217 -0.019380004669302234 0.00016993384575471283 0.011262325024991124 0.019912106472821461 -0.0076722101989814655 0.010166619961091784 -0.012053802225452204 0.0025228970267838153 0.014919084547169554 0.0038167342317423653 -0.0033593106209426314 -0.01097225520759821 0.023093494035455644 -0.0069856718630315028 0.0172800968596062 0.015249582054093481 0.0049029651763183735 -0.018363715417217465 -0.0025660943347387589 -0.016968826636777172 7.7937387486956295e-05 0.0089987034499645242 -0.0032124785222113132 0.00012014577786127726 -0.0063338467494061558 0.0067945958598731801
leaf_weight=49 165 416 94 66 51 30 81 21 46 32 65 33 159 35 37 20 49 26 43 28 21 23 39 62 51 25 25 30 136 52
leaf_count=49 165 416 94 66 51 30 81 21 46 32 65 33 159 35 37 20 49 26 43 28 21 23 39 62 51 25 25 30 136 52
internal_value=0.000752387 -0.00287428 -0.00167 -0.0024523 -0.00448701 0.00800572 0.00357479 -0.00259711 0.0039451 -0.000353716 -0.011333 -0.00714532 0.0105393 0.000367453 0.0053035 0.00814658 0.0106571 0.00572237 0.0102485 0.00270702 0.0176363 -0.00400884 -0.0084265 -0.0041503 -0.00817684 -0.00215868 -0.0130159 0.00742401 -0.00325684 0.000761745
internal_weight=2010 1340 1175 1081 665 670 264 516 99 78 149 98 406 183 86 247 169 99 73 78 70 97 62 417 138 279 87 58 254 118
internal_count=2010 1340 1175 1081 665 670 264 516 99 78 149 98 406 183 86 247 169 99 73 78 70 97 62 417 138 279 87 58 254 118
cat_boundaries=0 1 2 3
cat_threshold=75426 83172 20561
is_linear=0
shrinkage=0.1


Tree=13
num_leaves=31
num_cat=3
split_feature=1 7 11 0 1 9 8 8 8 8 1 0 0 9 6 6 6 7 10 7 12 10 12 3 10 11 5 8 11 7
split_gain=4.28634 1.1614 1.01962 0.786746 0.728225 0.79482 0.640934 1.08779 0.610534 0.579998 0.514101 0.956752 0.921677 0.46971 0.474569 0.390555 0.383349 0.469149 0.5381 0.490664 0.582547 0.443 0.667537 0.479651 0.472356 0.383127 0.366251 0.383728 0.356788 0.413401
threshold=2.5000000000000004 5.1350000000000007 0.57320000000000004 0 4.5000000000000009 5.4350000000000014 0.27570000000000006 0.1812 0.11940000000000001 0.36220000000000002 1.5000000000000002 1 2 6.1350000000000007 0.15500000000000003 0.13500000000000004 0.18500000000000003 5.8450000000000006 0.41720000000000007 5.6650000000000009 0.29710000000000009 0.47890000000000005 0.32010000000000011 27.500000000000004 0.5404500000000001 0.30605000000000004 1.0000000180025095e-35 0.21505000000000005 0.22185000000000002 4.5850000000000009
decision_type=2 2 2 1 2 2 2 2 2 2 2 1 1 2 2 2 2 2 2 2 2 2 2 2 2 2 2 2 2 2
left_child=8 2 4 9 5 6 7 -2 -1 -3 11 15 28 14 -11 -10 17 18 19 -5 -21 23 24 -19 -23 -26 27 -9 -12 -30
right_child=1 3 -4 16 -6 -7 -8 26 10 13 12 -13 -14 -15 -16 -17 -18 21 -20 20 -22 22 -24 -25 25 -27 -28 -29 29 -31
leaf_value=-0.010003992842976005 -0.0070231269079818305 0.021279003434917995 0.015832601792433048 0.00075390338207836514 -0.0089941704554658691 -0.019947228262511395 -0.010106281568219917 0.013047933744577071 0.013294088970059934 0.022927578170783822 0.0037497486192733052 0.013977060393758053 0.0086395553150054056 -0.0033935999008826915 0.001865310047287494 -0.0014715173557676652 0.010013254625514022 0.014980529778404162 -0.016827260339632631 -0.022546283570894353 -0.0017942663612625293 -0.0086674528593871873 -0.014515037494711579 0.0014367913239524811 -5.3716045139091357e-05 0.018067952278070152 0.015001390780543728 -0.00062482366768213424 0.0044761864899192007 -0.012802918478846551
leaf_weight=20 91 27 22 108 377 24 61 30 23 20 50 223 208 40 23 81 29 32 35 24 31 29 40 143 28 20 41 65 20 45
leaf_count=20 91 27 22 108 377 24 61 30 23 20 50 223 208 40 23 81 29 32 35 24 31 29 40 143 28 20 41 65 20 45
internal_value=0.000674439 -0.00259092 -0.00535995 0.000539105 -0.00603664 -0.00246295 -0.00100592 0.00143955 0.00720515 0.00783536 0.00773466 0.0105297 0.00490496 0.00440614 0.0116617 0.00163659 -0.00113638 -0.00181945 -0.0055771 -0.00316142 -0.0108497 0.000728546 -0.00403507 0.00391336 0.00140908 0.00749698 0.00710207 0.00369289 -0.00239296 -0.00748627
internal_weight=2010 1340 711 629 689 312 288 227 670 110 650 327 323 83 43 104 519 490 198 163 55 292 117 175 77 48 136 95 115 65
internal_count=2010 1340 711 629 689 312 288 227 670 110 650 327 323 83 43 104 519 490 198 163 55 292 117 175 77 48 136 95 115 65
cat_boundaries=0 1 2 3
cat_threshold=68097 65646 26000
is_linear=0
shrinkage=0.1


Tree=14
num_leaves=31
num_cat=2
split_feature=1 7 0 9 4 0 11 1 11 7 9 7 7 7 11 4 12 10 4 1 7 9 10 10 7 9 8 3 4 10
split_gain=3.49857 0.992533 0.655173 0.543037 0.532861 0.523765 0.515732 0.491287 0.490209 0.407591 0.473966 0.375598 0.498657 0.371355 0.363978 0.506011 0.362722 0.464976 0.470001 0.322479 0.311158 0.516677 0.418989 0.462429 0.496975 0.451138 0.369691 0.34741 0.298911 0.29592
threshold=2.5000000000000004 3.5650000000000004 0 3.7750000000000004 52.500000000000007 1 0.49315000000000003 5.5000000000000009 1.0000000180025095e-35 6.245000000000001 4.7150000000000007 4.330000000000001 4.0150000000000006 4.4500000000000011 0.36180000000000007 53.500000000000007 0.26965 0.36250000000000004 52.500000000000007 1.5000000000000002 5.1350000000000007 5.3650000000000011 0.39050000000000007 0.27545000000000003 6.1250000000000009 5.4850000000000012 0.28005000000000008 44.500000000000007 45.500000000000007 0.46780000000000005
decision_type=2 2 1 2 2 1 2 2 2 2 2 2 2 2 2 2 2 2 2 2 2 2 2 2 2 2 2 2 2 2
left_child=3 -2 6 4 -1 9 28 20 -9 10 -5 12 -7 -10 15 19 17 18 -13 -12 21 26 23 -22 25 -25 -4 -24 -3 -11
right_child=1 2 7 5 -6 11 -8 8 13 29 14 16 -14 -15 -16 -17 -18 -19 -20 -21 22 -23 27 24 -26 -27 -28 -29 -30 -31
leaf_value=0.0068035836600595055 -0.0095945054540325977 0.010334462633934515 -0.00097627999751048907 0.01034630795597638 -0.0087635201624009836 0.012409877110760482 0.012886460919657517 -0.017882870016165259 -0.016084089648464455 0.018422815084457398 0.0085070791609940088 0.0086659879268457495 -0.0093825867976106356 -0.0016248889995786626 0.0042121201773018891 -0.017823461429388437 0.01392480444166426 0.013185324145442979 -0.011819215881682579 -0.0088175546335564417 -0.0047363662871679202 -0.017661261091146758 -0.0010047087385605107 -0.0026856537698768078 0.020738957810681316 0.014438598670065403 -0.011759887289148398 -0.01361998257537683 -0.00013180997808392308 0.0053380691305002469
leaf_weight=45 165 29 172 38 43 21 36 41 23 25 21 24 21 78 48 27 209 49 21 22 38 27 114 40 24 25 39 27 462 56
leaf_count=45 165 29 172 38 43 21 36 41 23 25 21 24 21 78 48 27 209 49 21 22 38 27 114 40 24 25 39 27 462 56
internal_value=0.000618247 -0.00233182 -0.00131196 0.00651839 -0.000803069 0.00762541 0.0013086 -0.00341074 -0.00866108 0.00347479 0.000633144 0.0100837 0.00151365 -0.00491758 -0.00249482 -0.00709387 0.0116044 0.00644533 -0.000893774 -0.000356687 -0.00200473 -0.00463618 0.000332148 0.00449836 0.00844128 0.0039006 -0.00296946 -0.0034204 0.000486361 0.00937657
internal_weight=2010 1340 1175 670 88 582 527 648 142 237 156 345 42 101 118 70 303 94 45 43 506 238 268 127 89 65 211 141 491 81
internal_count=2010 1340 1175 670 88 582 527 648 142 237 156 345 42 101 118 70 303 94 45 43 506 238 268 127 89 65 211 141 491 81
cat_boundaries=0 1 2
cat_threshold=91810 83046
is_linear=0
shrinkage=0.1


Tree=15
num_leaves=31
num_cat=4
split_feature=1 8 11 7 9 0 0 8 3 10 9 8 8 0 9 3 5 0 6 7 6 4 3 11 11 12 10 8 10 8
split_gain=2.83385 0.838314 0.663084 0.588769 0.742736 0.659964 0.621422 0.493868 0.46015 0.447805 0.411374 0.447841 0.492592 0.399282 0.543061 0.435435 0.37812 0.377785 0.684656 0.408977 0.414452 0.433806 0.701916 0.852949 0.829958 0.377661 0.364109 0.354603 0.354064 0.34693
threshold=2.5000000000000004 0.018700000000000005 0.65155000000000018 5.1850000000000014 5.3250000000000011 0 1 0.11940000000000001 43.500000000000007 0.34735000000000005 4.745000000000001 0.25965000000000005 0.1812 2 7.2650000000000006 53.500000000000007 1.0000000180025095e-35 3 0.18500000000000003 6.245000000000001 0.18500000000000003 53.500000000000007 40.500000000000007 0.3272500000000001 0.26405000000000006 0.43030000000000007 0.44745000000000007 0.51900000000000013 0.46570000000000006 0.21720000000000003
decision_type=2 2 2 2 2 1 1 2 2 2 2 2 2 1 2 2 2 1 2 2 2 2 2 2 2 2 2 2 2 2
left_child=7 -2 3 4 6 8 25 -1 9 -5 11 12 -8 26 15 27 -6 18 -9 20 21 -19 24 -24 -23 -3 -7 -15 -21 -12
right_child=1 2 -4 5 16 13 10 17 -10 -11 29 -13 -14 14 -16 -17 -18 19 -20 28 -22 22 23 -25 -26 -27 -28 -29 -30 -31
leaf_value=-0.0096112721739336857 -0.012916470388197066 -0.00032844932960523739 0.012053159539188658 0.015264779447831892 -0.018282465631142258 -0.0035004909657224826 -0.011293756347272154 0.012176747630229421 0.017095754174681912 -0.0016607826989558008 -0.0097963078896066667 -0.015662566096350358 -0.00033190854775374027 -0.00090156875367901107 0.016363277435302734 -0.014540050642210103 -0.0047304051262991769 0.0043643046944032843 -0.0012990465549671132 0.017807532101869583 0.012869441133807414 0.0024500639068372994 -0.0086490354147450692 0.015604640636492745 -0.023653771773237606 0.011179220622800516 -0.016771830403013156 0.0091380871972069153 0.0055305694425968749 0.0035742657745014071
leaf_weight=20 68 210 35 22 50 79 76 209 35 54 27 57 89 292 20 21 35 145 46 34 32 21 29 29 29 33 28 40 76 69
leaf_count=20 68 210 35 22 50 79 76 209 35 54 27 57 89 292 20 21 35 145 46 34 32 21 29 29 29 33 28 40 76 69
internal_value=0.000556422 -0.00209864 -0.00152033 -0.00190438 -0.00399111 0.000376538 -0.00267124 0.00586655 0.00697929 0.00323872 -0.00548325 -0.00802086 -0.005381 -0.00126931 0.000324256 -0.000575285 -0.0127022 0.00634279 0.00937805 0.00404353 0.00214684 0.000790627 -0.00400737 0.0034778 -0.0126902 0.00118553 -0.00637735 0.000308028 0.00932527 -0.000186208
internal_weight=2010 1340 1272 1237 646 591 561 670 111 76 318 222 165 480 373 353 85 650 255 395 285 253 108 58 50 243 107 332 110 96
internal_count=2010 1340 1272 1237 646 591 561 670 111 76 318 222 165 480 373 353 85 650 255 395 285 253 108 58 50 243 107 332 110 96
cat_boundaries=0 1 2 3 4
cat_threshold=66177 9142 4368 6921
is_linear=0
shrinkage=0.1


Tree=16
num_leaves=31
num_cat=4
split_feature=1 7 5 0 12 1 6 3 9 0 11 4 1 0 8 9 3 8 0 6 10 7 8 11 10 11 7 9 9 7
split_gain=2.29541 0.685509 0.512636 0.483007 0.469754 0.476457 0.44415 0.422495 0.485243 0.434226 0.648749 0.676804 0.642021 0.414055 0.513812 0.637444 0.416271 0.384305 0.406192 0.358075 0.301414 0.358236 0.554874 0.285491 0.279767 0.27967 0.267644 0.388131 0.257457 0.303839
threshold=2.5000000000000004 3.5650000000000004 1.0000000180025095e-35 0 0.41330000000000006 4.5000000000000009 0.14500000000000005 53.500000000000007 5.1050000000000013 1 0.35685000000000006 52.500000000000007 1.5000000000000002 2 0.19760000000000003 4.4350000000000014 42.500000000000007 0.53795000000000004 3 0.15500000000000003 0.47495000000000004 5.245000000000001 0.25115000000000004 0.10555000000000002 0.25315000000000004 0.31085000000000002 4.6800000000000006 5.785000000000001 4.4350000000000014 5.2150000000000007
decision_type=2 2 2 1 2 2 2 2 2 1 2 2 2 1 2 2 2 2 1 2 2 2 2 2 2 2 2 2 2 2
left_child=7 -2 17 19 5 6 -5 9 -9 10 24 -12 28 -14 -15 -16 23 18 20 -4 21 22 -3 -17 -1 -25 -7 -28 -11 -30
right_child=1 2 3 4 -6 26 -8 8 -10 12 11 -13 13 14 15 16 -18 -19 -20 -21 -22 -23 -24 25 -26 -27 27 -29 29 -31
leaf_value=-0.0018434397521473113 -0.0079245253643867638 0.0042340164751057388 0.016353100596794061 -0.010455242159687692 0.012717884369194507 -0.013381084371358157 0.0055148519707989754 -0.011148651094117668 0.0056675646454095842 0.018335323181094192 -0.019862929638940843 0.0029710365252362358 0.0080424254803200569 0.011907839698583953 -0.019406156726181508 0.01307899959695836 -0.01149714987047694 0.0097136119864881035 -0.0043049530240427455 0.0039651809082300003 -0.009308478397388872 0.0072444823495813734 -0.0099448835062187005 -0.0091167021077126261 0.012607696823574403 0.0074063611083797047 0.0026143676583440262 -0.010397425861802043 0.0025975908578789618 0.011762716493029504
leaf_weight=21 165 69 35 21 25 35 102 32 37 41 25 27 111 28 20 24 22 25 547 70 26 81 46 20 37 21 52 41 47 157
leaf_count=21 165 69 35 21 25 35 102 32 37 41 25 27 111 28 20 24 22 25 547 70 26 81 46 20 37 21 52 41 47 157
internal_value=0.00050078 -0.00188878 -0.0010412 0.00197411 -0.0003419 -0.0016563 0.00278825 0.0052799 -0.00213126 0.00613076 9.51441e-05 -0.00800683 0.00733168 0.00387231 -0.000141692 -0.00330808 0.000392623 -0.0024881 -0.00288478 0.00739062 0.000773557 0.00215044 -0.00143754 0.00441685 0.00737539 -0.00065367 -0.00592723 -0.00312201 0.0111044 0.00965114
internal_weight=2010 1340 1175 381 276 251 123 670 69 601 110 52 491 246 135 107 87 794 769 105 222 196 115 65 58 41 128 93 245 204
internal_count=2010 1340 1175 381 276 251 123 670 69 601 110 52 491 246 135 107 87 794 769 105 222 196 115 65 58 41 128 93 245 204
cat_boundaries=0 1 2 3 4
cat_threshold=66272 65760 6159 67218
is_linear=0
shrinkage=0.1


Tree=17
num_leaves=31
num_cat=2
split_feature=1 1 11 7 5 8 0 12 11 7 11 9 7 3 8 12 0 6 4 9 10 10 12 9 12 9 11 3 12 8
split_gain=1.86807 0.609525 0.669497 0.654517 0.39002 0.382152 0.380969 0.39912 0.333161 0.301566 0.678703 0.545492 0.460964 0.427087 0.299552 0.29436 0.283583 0.519744 0.329219 0.380182 0.280803 0.598146 0.280066 0.55295 0.399055 0.274275 0.270999 0.292727 0.264602 0.33077
threshold=2.5000000000000004 5.5000000000000009 0.61250000000000016 4.4350000000000014 1.0000000180025095e-35 0.11940000000000001 0 0.26360000000000006 0.25765000000000005 5.2150000000000007 0.44314999999999999 5.3350000000000009 5.4150000000000009 28.500000000000004 0.31505000000000011 0.35670000000000007 1 0.18500000000000003 47.500000000000007 3.7750000000000004 0.34050000000000008 0.27195000000000008 0.27795000000000009 4.7150000000000007 0.39235000000000003 2.9350000000000005 0.36215000000000003 37.500000000000007 0.084500000000000006 0.41145000000000004
decision_type=2 2 2 2 2 2 1 2 2 2 2 2 2 2 2 2 1 2 2 2 2 2 2 2 2 2 2 2 2 2
left_child=5 2 4 -3 9 -1 -6 -8 -5 10 11 14 15 -14 22 -11 17 -7 -18 -20 21 -15 23 -2 25 -24 -10 -28 -22 -30
right_child=1 3 -4 8 6 16 7 -9 26 12 -12 -13 13 20 -16 -17 18 -19 19 -21 28 -23 24 -25 -26 -27 27 -29 29 -31
leaf_value=-0.0088512389524839832 -0.0011495954420928272 -0.011200184467422769 0.0129189030726492 -0.006782089620186337 -0.0029371584150636489 0.010219076080481705 -0.0016623849689494819 0.007477662121076924 0.0055398638431249899 0.01688702704074482 -0.017781432487947099 -0.013999061453609896 0.0093255490440154274 -0.0092984383843775671 -0.012058073064933221 0.00046052629826590416 0.015482368213789805 -0.0015221354754074762 -0.0070073694443783243 0.00367127130380127 0.0020588948904799345 0.012410244367395839 0.0018938904541677664 0.015781671445750232 0.0057514533173383744 -0.0085387115635805668 0.0032328963793557264 -0.011101886284138475 -0.0021830240249983038 -0.012235463227826491
leaf_weight=20 62 123 36 87 105 209 72 142 68 24 34 39 31 22 24 20 21 46 37 337 39 30 35 28 41 90 29 28 64 67
leaf_count=20 62 123 36 87 105 209 72 142 68 24 34 39 31 22 24 20 21 46 37 337 39 30 35 28 41 90 29 28 64 67
internal_value=0.000452561 -0.00170311 -0.00047176 -0.00539717 -0.000969246 0.00476391 0.00189456 0.00420597 -0.00203033 -0.00237471 -0.00435043 -0.00291891 -2.64639e-05 -0.0016694 -0.00137561 0.00942044 0.00518284 0.00779535 0.00321747 0.00261483 -0.00320473 0.0032258 -0.000374127 0.00411791 -0.00280957 -0.00561758 0.0012769 -0.00380875 -0.00517172 -0.00732435
internal_weight=2010 1340 1005 335 969 670 319 214 212 650 353 319 297 253 280 44 650 255 395 374 222 52 256 90 166 125 125 57 170 131
internal_count=2010 1340 1005 335 969 670 319 214 212 650 353 319 297 253 280 44 650 255 395 374 222 52 256 90 166 125 125 57 170 131
cat_boundaries=0 1 2
cat_threshold=5400 6921
is_linear=0
shrinkage=0.1


Tree=18
num_leaves=31
num_cat=4
split_feature=1 8 11 1 0 7 3 12 3 6 0 11 3 1 12 0 3 11 10 9 4 0 10 8 1 12 11 1 12 6
split_gain=1.51427 0.512325 0.472985 0.379353 0.586873 0.890895 0.35994 0.397442 0.327516 0.468436 0.322517 0.527178 0.542285 0.500388 0.314155 0.313012 0.36356 0.301914 0.275949 0.549395 0.442384 0.486482 0.436298 0.649845 0.375504 0.410364 0.357941 0.358569 0.356935 0.314472
threshold=2.5000000000000004 0.018700000000000005 0.48595000000000005 5.5000000000000009 0 4.9750000000000005 28.500000000000004 0.43790000000000001 53.500000000000007 0.17500000000000002 1 0.35685000000000006 40.500000000000007 1.5000000000000002 0.38765000000000005 2 29.500000000000004 0.33810000000000001 0.20620000000000002 4.285000000000001 51.500000000000007 3 0.53060000000000007 0.46745000000000009 4.5000000000000009 0.37645000000000001 0.33415000000000006 3.5000000000000004 0.14835000000000004 0.19500000000000003
decision_type=2 2 2 2 1 2 2 2 2 2 1 2 2 2 2 1 2 2 2 2 2 1 2 2 2 2 2 2 2 2
left_child=8 -2 3 6 -5 -6 7 14 10 -10 11 -1 -13 -12 17 -15 -17 -3 28 -20 26 24 23 29 25 -22 -21 -28 -8 -23
right_child=1 2 -4 4 5 -7 18 -9 9 -11 13 12 -14 15 -16 16 -18 -19 19 20 21 22 -24 -25 -26 -27 27 -29 -30 -31
leaf_value=0.0064197413494874699 -0.0099918617045178133 0.00045343440787125664 0.0051844971820669758 -0.010099481805380374 -0.0087836816107753572 0.0061425691438389239 0.003537650381525358 0.016294763667420262 -0.0094641636149623461 0.0071568212596078724 0.0093942089470065368 -0.018913447140189617 0.0016479491009296658 0.0065796210812934771 -0.0091494802699383839 -0.010419557153664787 0.0022423225919528003 0.011032425974477329 0.013736924955621364 -0.00068363933577061161 0.0054878117299561671 -0.0078398768528553566 0.0073311715293675672 -0.025230752255301928 -0.0053768639395266405 -0.0064186424753200771 0.0011215903796255589 0.01832010835685112 -0.0089903197466752478 0.0052954278151792966
leaf_weight=58 68 93 110 112 74 87 30 21 39 30 245 23 29 113 23 29 104 38 25 66 133 138 20 20 81 37 22 27 94 21
leaf_count=58 68 93 110 112 74 87 30 21 39 30 245 23 29 113 23 29 104 38 25 66 133 138 20 20 81 37 22 27 94 21
internal_value=0.000405844 -0.00153499 -0.0010829 -0.0016762 -0.00493672 -0.000675959 -0.000674931 0.00338945 0.00428752 -0.00223765 0.00503666 -0.000123948 -0.00744651 0.00607167 0.00162963 0.00300946 -0.000482277 0.00352215 -0.0016711 -0.000769842 -0.00141173 -0.00282628 -0.00635737 -0.00824198 0.000217867 0.00289641 0.00412346 0.0105983 -0.00595936 -0.00610503
internal_weight=2010 1340 1272 1162 273 161 889 175 670 69 601 110 52 491 154 246 133 131 714 590 565 450 199 179 251 170 115 49 124 159
internal_count=2010 1340 1272 1162 273 161 889 175 670 69 601 110 52 491 154 246 133 131 714 590 565 450 199 179 251 170 115 49 124 159
cat_boundaries=0 1 2 3 4
cat_threshold=53509 65760 38923 127020
is_linear=0
shrinkage=0.1


Tree=19
num_leaves=31
num_cat=2
split_feature=1 11 7 0 1 9 10 8 7 3 7 9 8 8 9 8 9 0 6 12 9 8 8 2 8 1 9 9 10 12
split_gain=1.2347 0.436769 0.49834 0.353196 0.571249 0.443449 0.444548 0.821255 0.480643 0.538564 0.526449 0.807929 0.46301 0.489602 0.458174 0.355042 0.329301 0.317975 0.419833 0.316074 0.302108 0.301955 0.424807 0.473165 0.299443 0.282836 0.27589 0.351555 0.280058 0.266558
threshold=2.5000000000000004 0.65155000000000018 3.9750000000000005 0 3.5000000000000004 7.2650000000000006 0.34120000000000006 0.31505000000000011 5.4150000000000009 39.500000000000007 5.8450000000000006 5.9350000000000014 0.34765000000000007 0.36795000000000005 5.1050000000000013 0.25965000000000005 4.6350000000000007 1 0.17500000000000002 0.34155000000000008 5.8050000000000006 0.53795000000000004 0.43370000000000003 3.5000000000000004 0.11940000000000001 4.5000000000000009 3.6050000000000004 4.1950000000000012 0.28990000000000005 0.33505000000000001
decision_type=2 2 2 1 2 2 2 2 2 2 2 2 2 2 2 2 2 1 2 2 2 2 2 2 2 2 2 2 2 2
left_child=24 2 17 4 -4 6 12 -8 9 -9 20 -12 15 -14 -15 26 -17 18 29 -18 -10 22 -13 -24 -1 -22 -5 -28 -29 -2
right_child=1 -3 3 5 -6 -7 7 8 10 -11 11 21 13 14 -16 16 19 -19 -20 -21 25 -23 23 -25 -26 -27 27 28 -30 -31
leaf_value=-0.0081834699970204389 -0.0010409041307866574 0.0096351071819663053 0.0049159056154965634 0.01050923428816819 -0.0088010023154007893 0.013202464222908021 -0.012020479316676134 -0.0012330370234145275 -0.016248113190864815 0.018085309863090517 0.012652937282245001 0.0031732219597324731 0.020290992960023384 -0.0026681824716635878 0.012587085504617011 -0.0090150742165860717 0.0061770193448120901 -0.0088260303063602604 -0.0060291334043109891 -0.0071343605592846873 0.0030983424673859893 0.0077461883311722591 -0.00071404994384426145 -0.014575446009600783 0.0042394195462290485 -0.012505073486162083 -0.009609380973359713 0.0065944236015812278 -0.0029808430990669876 0.014386294303195818
leaf_weight=20 24 35 41 38 117 25 76 31 34 27 43 50 24 45 35 64 44 132 76 30 26 24 46 53 650 21 26 84 48 21
leaf_count=20 24 35 41 38 117 25 76 31 34 27 43 50 24 45 35 64 44 132 76 30 26 24 46 53 650 21 26 84 48 21
internal_value=0.000363508 -0.00138903 -0.0016847 -0.000726379 -0.00492955 7.08129e-05 -0.000306153 -0.00258622 -0.000566494 0.00775999 -0.00219254 0.000385653 0.00193748 0.00776407 0.004006 0.000123208 -0.00376237 -0.00566949 -0.00138232 0.000780514 -0.00906772 -0.00266344 -0.00434016 -0.0081348 0.00386859 -0.0038734 0.00285897 0.00101903 0.00311251 0.00615846
internal_weight=2010 1340 1305 1052 158 894 869 431 355 58 297 216 438 104 80 334 138 253 121 74 81 173 149 99 670 47 196 158 132 45
internal_count=2010 1340 1305 1052 158 894 869 431 355 58 297 216 438 104 80 334 138 253 121 74 81 173 149 99 670 47 196 158 132 45
cat_boundaries=0 1 2
cat_threshold=4352 76051
is_linear=0
shrinkage=0.1


Tree=20
num_leaves=31
num_cat=11
split_feature=1 11 7 9 0 0 1 0 0 1 9 7 1 0 1 0 0 9 7 9 8 7 9 1 0 1 0 9 0 0
split_gain=52.4975 35.3394 24.9768 20.4798 18.6545 17.3116 13.9857 12.6631 10.5731 12.6829 10.11 6.34427 6.1301 11.4964 8.85076 6.93586 6.03153 5.80085 5.54978 4.32538 5.67177 4.03046 3.89904 3.69407 9.73402 5.73298 4.44778 4.19755 3.62721 3.5145
threshold=5.5000000000000009 0.36945000000000006 4.6450000000000005 7.285000000000001 0 1 1.5000000000000002 2 3 2.5000000000000004 7.285000000000001 6.1550000000000011 1.5000000000000002 4 2.5000000000000004 5 6 7.3050000000000006 5.1450000000000005 5.4050000000000011 0.17790000000000003 1.405 7.6250000000000009 1.5000000000000002 7 2.5000000000000004 8 8.490000000000002 9 10
decision_type=2 2 2 2 1 1 2 1 1 2 2 2 2 1 2 1 1 2 2 2 2 2 2 2 1 2 1 2 1 1
left_child=1 2 8 4 11 18 -5 17 -1 -10 21 -4 13 -6 -14 -16 -9 -3 -2 20 -11 -7 -8 24 -18 -25 -27 -28 -24 -23
right_child=5 7 3 6 12 10 22 16 9 19 -12 -13 14 -15 15 -17 23 -19 -20 -21 -22 29 28 25 -26 26 27 -29 -30 -31
leaf_value=-0.00068752467071369814 -0.0043850697488173641 0.0041851529829704179 0.0025605362821609643 0.002125983820281045 0.0048109481006961084 -0.0067404426801727299 -0.0043451263419688737 -0.0010401665761400518 -0.0065843521338166096 -0.00094613717030442909 -0.0099381059737198556 0.00017713704361134867 -0.0039784364425006317 -0.0015722197309372304 -0.003224711832625936 0.00023525172151878457 0.0083243791027556493 -0.0025927605944383895 -0.0080913439453495824 0.0035218545855902278 -0.0043457865474062305 -0.00039522451262028878 -0.0059791291378730139 -0.0012948229526308693 0.00095935830076324677 -0.00051836968661261081 0.0027354813709875025 -0.017223931658345293 -0.012495040990987033 -0.0026594718819663563
leaf_weight=16419 7725 21118 33246 2324 4844 1591 3229 11905 10877 9384 1631 16818 10698 6732 7740 22953 2697 1343 8470 1175 10287 13307 1860 7898 5352 6089 17615 106 1701 14158
leaf_count=16419 7725 21118 33246 2324 4844 1591 3229 11905 10877 9384 1631 16818 10698 6732 7740 22953 2697 1343 8470 1175 10287 13307 1860 7898 5352 6089 17615 106 1701 14158
internal_value=-0.000620095 -9.14538e-06 -0.000844111 -2.62271e-05 0.000375696 -0.00367484 -0.00456985 0.00179642 -0.00274934 -0.00381507 -0.0022763 0.00175953 -0.000932448 0.00110163 -0.00150155 -0.000638238 0.000933897 0.0037782 -0.00631955 -0.00237194 -0.00272399 -0.00184701 -0.00686162 0.00152513 0.00343871 0.00103985 0.00181429 0.00261462 -0.0091435 -0.00156354
internal_weight=281292 234410 160287 112145 103031 46882 9114 74123 48142 31723 30687 50064 52967 11576 41391 30693 51662 22461 16195 20846 19671 29056 6790 39757 8049 31708 23810 17721 3561 27465
internal_count=281292 234410 160287 112145 103031 46882 9114 74123 48142 31723 30687 50064 52967 11576 41391 30693 51662 22461 16195 20846 19671 29056 6790 39757 8049 31708 23810 17721 3561 27465
cat_boundaries=0 1 2 3 4 5 6 7 8 9 10 11
cat_threshold=7001196 10945216 148596 2212934 8716672 66176 10753 8487040 8454272 16008501 1102108
is_linear=0
shrinkage=0.1


Tree=21
num_leaves=31
num_cat=10
split_feature=1 11 7 9 0 0 1 0 0 1 9 0 7 9 1 0 1 0 7 9 8 11 7 1 0 1 0 9 1 0
split_gain=42.5234 28.6302 20.2288 16.6038 15.1101 14.0216 11.3361 10.4701 8.60594 8.7777 8.21244 5.19069 5.13886 5.08831 4.96687 9.31604 7.16865 5.61958 4.49532 3.91568 3.98212 3.84845 3.32665 3.8717 3.53742 3.3141 3.27075 3.25241 3.24291 7.82668
threshold=5.5000000000000009 0.36945000000000006 4.6450000000000005 7.285000000000001 0 1 1.5000000000000002 2 3 2.5000000000000004 7.3350000000000009 4 6.1550000000000011 7.3050000000000006 1.5000000000000002 5 2.5000000000000004 6 5.1450000000000005 5.3750000000000009 0.17790000000000003 0.28605000000000008 5.1450000000000005 3.5000000000000004 7 1.5000000000000002 8 8.0050000000000008 1.5000000000000002 9
decision_type=2 2 2 2 1 1 2 1 1 2 2 1 2 2 2 1 2 1 2 2 2 2 2 2 1 2 1 2 2 1
left_child=1 2 8 4 12 18 -5 13 21 26 -7 -9 -4 25 15 -6 -16 -18 -2 20 -11 -1 -19 -24 -25 -3 -10 -8 29 -13
right_child=5 7 3 6 14 10 27 11 9 19 -12 28 -14 -15 16 -17 17 22 -20 -21 -22 -23 23 24 -26 -27 -28 -29 -30 -31
leaf_value=-0.0024176193921455276 -0.0039465627654532457 0.006715644863470119 0.0023044826514505932 0.0019133856157536209 0.0043308444285023095 -0.0016822346144676694 -0.0050167409314776793 -0.00093623720475959722 -0.0038241853402169903 -0.0010924856395949486 -0.0093374316367949763 0.008526103767721345 0.00015942337951742387 -0.0028361869348493569 -0.0035805927951561875 -0.0014152309425607803 -0.0029026567206679068 0.0024875240005296419 -0.0072822095475857385 0.0033544392708071708 -0.0040396682846529633 0.00050620656325541923 0.0015787289178940491 1.6481078316976463e-05 -0.0034992023257135632 0.0033495469939812182 -0.0074544714374648602 -0.010302372869705263 0.00098603844777202503 0.001466901350883538
leaf_weight=7973 7725 3664 33246 2324 4844 29215 5298 11905 4476 8767 1472 2055 16818 1148 10698 6732 7740 5019 8470 1161 9610 10340 6271 6634 5029 14500 5815 1492 34231 6620
leaf_count=7973 7725 3664 33246 2324 4844 29215 5298 11905 4476 8767 1472 2055 16818 1148 10698 6732 7740 5019 8470 1161 9610 10340 6271 6634 5029 14500 5815 1492 34231 6620
internal_value=-0.000558136 -8.27856e-06 -0.000759818 -2.37669e-05 0.000338129 -0.00330742 -0.00411489 0.00161689 -0.00247442 -0.00352164 -0.00204877 0.000910778 0.00158358 0.0036186 -0.000839199 0.000991744 -0.00135147 -0.000574511 -0.0056876 -0.00227784 -0.00263367 -0.000766332 0.000211737 -0.000425046 -0.00150244 0.00402855 -0.00588646 -0.00617818 0.00142336 0.00315066
internal_weight=281292 234410 160287 112145 103031 46882 9114 74123 48142 29829 30687 54811 50064 19312 52967 11576 41391 30693 16195 19538 18377 18313 22953 17934 11663 18164 10291 6790 42906 8675
internal_count=281292 234410 160287 112145 103031 46882 9114 74123 48142 29829 30687 54811 50064 19312 52967 11576 41391 30693 16195 19538 18377 18313 22953 17934 11663 18164 10291 6790 42906 8675
cat_boundaries=0 1 2 3 4 5 6 7 8 9 10
cat_threshold=7001196 10945216 147572 3261510 10753 8716672 66176 1050898 8397488 8454272
is_linear=0
shrinkage=0.1


Tree=22
num_leaves=31
num_cat=9
split_feature=1 11 7 9 0 0 0 1 9 0 0 1 7 7 7 1 7 9 7 0 1 9 4 0 10 0 1 1 0 1
split_gain=34.4434 23.3531 15.8312 12.6917 11.6188 11.4416 10.5931 8.53043 7.4829 6.5276 6.07683 5.85194 5.2262 7.00794 4.08425 3.91851 3.88218 3.61193 3.58837 3.56405 3.39405 4.62784 3.29159 3.15388 3.04762 2.81641 3.13829 6.68189 4.16654 3.38339
threshold=5.5000000000000009 0.35515000000000002 4.6450000000000005 7.535000000000001 0 1 2 1.5000000000000002 7.285000000000001 3 4 2.5000000000000004 6.3150000000000004 4.6050000000000013 5.1450000000000005 1.5000000000000002 6.1950000000000012 8.0650000000000031 1.405 5 1.5000000000000002 7.4650000000000007 49.500000000000007 6 0.14360000000000003 7 2.5000000000000004 1.5000000000000002 8 3.5000000000000004
decision_type=2 2 2 2 1 1 1 2 2 1 1 2 2 2 2 2 2 2 2 1 2 2 2 1 2 1 2 2 1 2
left_child=1 2 9 4 16 14 -3 -5 18 -1 20 -11 13 -12 -2 -14 -4 -17 -7 -9 -8 -22 -18 -20 -15 -6 27 28 -27 -28
right_child=5 6 3 7 25 8 10 19 -10 11 12 -13 15 24 -16 17 22 -19 23 -21 21 -23 -24 -25 -26 26 29 -29 -30 -31
leaf_value=-0.00094095387657195436 -0.0035566887552871151 -0.001169360538213745 0.0023178102032426948 0.0019304299994691869 -0.0018385255590189498 -0.0060184310858367365 0.0059621380665446054 -0.010993593217087818 -0.0083151653676972817 -0.0055142321013430841 8.9653768746271125e-05 -0.0023208917781598064 0.0023888445480237819 0.0056456626801614229 -0.0069547532061879488 -0.0010830174152944491 -0.0044939409529964631 -0.010318229002583747 -0.00018763461654383945 -0.0047422234586706911 0.0029960854221552126 -0.0056958415326192838 0.00070801359964655633 -0.0022742821107291193 0.0023574486783812 0.0032650765363487506 0.0020194497674762609 -0.0032561413109124895 -0.0010270537952598168 -0.00040352797409412479
leaf_weight=18197 6699 14972 23852 1359 15864 1725 3825 1551 1746 8776 15699 16581 3515 3200 7494 9617 1374 443 13307 2346 14285 640 10604 15911 23652 3546 8827 8876 6206 16603
leaf_count=18197 6699 14972 23852 1359 15864 1725 3825 1551 1746 8776 15699 16581 3515 3200 7494 9617 1374 443 13307 2346 14285 640 10604 15911 23652 3546 8827 8876 6206 16603
internal_value=-0.000502343 -7.47499e-06 -0.000794359 -0.000107186 0.000155439 -0.00297668 0.00125859 -0.00489159 -0.00194525 -0.00238801 0.001744 -0.00342475 0.00122279 0.00176804 -0.00534712 -0.000485419 0.00157973 -0.0014897 -0.00158645 -0.00727064 0.00330271 0.00262337 0.000111296 -0.00132479 0.00274931 -0.000696354 -0.000284768 -0.00127094 0.000535936 0.000437511
internal_weight=281292 234410 144562 101008 95752 46882 89848 5256 32689 43554 74876 25357 56126 42551 14193 13575 35830 10060 30943 3897 18750 14925 11978 29218 26852 59922 44058 18628 9752 25430
internal_count=281292 234410 144562 101008 95752 46882 89848 5256 32689 43554 74876 25357 56126 42551 14193 13575 35830 10060 30943 3897 18750 14925 11978 29218 26852 59922 44058 18628 9752 25430
cat_boundaries=0 1 2 3 4 5 6 7 8 9
cat_threshold=2282596 10945152 10753 7455814 16500 638530 1102108 74241 8651136
is_linear=0
shrinkage=0.1


Tree=23
num_leaves=31
num_cat=6
split_feature=1 11 8 9 0 0 1 0 1 0 9 9 8 9 0 9 7 3 7 8 1 0 7 7 9 7 9 7 10 10
split_gain=27.8987 19.8302 14.21 12.5714 10.1927 9.32817 9.46615 9.27329 9.23566 6.45959 5.42128 5.3091 5.52554 3.99058 3.70327 3.53527 3.35206 4.54858 3.32298 4.43144 3.87168 3.20617 2.9068 2.71806 2.67781 2.89419 3.84853 3.39722 2.62056 3.0795
threshold=5.5000000000000009 0.38595000000000007 0.25685000000000008 7.285000000000001 0 1 2.5000000000000004 2 1.5000000000000002 3 7.3650000000000011 5.3350000000000009 0.18215000000000001 5.3150000000000004 4 7.2650000000000006 5.1650000000000009 42.500000000000007 1.655 0.17255000000000001 1.5000000000000002 5 6.3250000000000011 1.5250000000000001 7.8850000000000007 4.6850000000000014 1.0000000180025095e-35 6.3150000000000004 0.21080000000000002 0.43490000000000001
decision_type=2 2 2 2 1 1 2 1 2 1 2 2 2 2 1 2 2 2 2 2 2 1 2 2 2 2 2 2 2 2
left_child=1 2 5 4 22 13 21 15 -5 -3 -9 12 23 18 16 -2 -6 -18 -1 -20 -21 -7 -4 -8 25 -11 -27 -28 -16 -30
right_child=7 9 3 8 14 6 11 10 -10 24 -12 -13 -14 -15 28 -17 17 -19 19 20 -22 -23 -24 -25 -26 26 27 -29 29 -31
leaf_value=-0.0068607666850193276 -0.0042456471995278742 0.0031682640892852897 0.0022605514489516957 0.0018460967221342788 0.00092028690693479612 -0.0032246650529096292 -0.0058258814684224482 -0.0013632624000270328 -0.0051493929766626475 -0.00030900656562886613 -0.0076902214323213945 0.0041264432795513027 -0.0039705058233956035 0.0035996182803672986 0.0018385379365038327 -0.010487133498759604 -0.00078060080134969385 -0.0039350499343276113 0.001246172638744451 0.0023756717023511544 -0.0026825564656851649 -0.0068446572981741942 0.00024369220315280084 1.1213548775588439e-05 -0.0043776181968564051 0.0068657041441734 0.0021361921416145502 -0.00023726043385960903 -0.00078178852637660404 0.00096113824477172941
leaf_weight=866 15230 17953 26855 2535 5409 4027 879 29267 7386 11649 1420 1420 9152 2297 8079 965 13066 7031 8095 1815 9101 6503 9737 8630 943 1307 17268 9267 26856 16284
leaf_count=866 15230 17953 26855 2535 5409 4027 879 29267 7386 11649 1420 1420 9152 2297 8079 965 13066 7031 8095 1815 9101 6503 9737 8630 943 1307 17268 9267 26856 16284
internal_value=-0.000452179 -6.80192e-06 -0.000536525 5.14984e-05 0.000350346 -0.00190939 -0.00304039 -0.00267907 -0.00336192 0.00159019 -0.00165549 -0.00176797 -0.00221651 -0.000346531 -0.000304683 -0.0046147 -0.00128895 -0.00188419 -0.000802725 -0.000526765 -0.00184153 -0.00546982 0.0017234 -0.00052836 0.000888508 0.00101448 0.00156823 0.0013073 0.000185618 -0.000123888
internal_weight=281292 234410 176023 123238 113317 52785 30611 46882 9921 58387 30687 20081 18661 22174 76725 16195 25506 20097 19877 19011 10916 10530 36592 9509 40434 39491 27842 26535 51219 43140
internal_count=281292 234410 176023 123238 113317 52785 30611 46882 9921 58387 30687 20081 18661 22174 76725 16195 25506 20097 19877 19011 10916 10530 36592 9509 40434 39491 27842 26535 51219 43140
cat_boundaries=0 1 2 3 4 5 6
cat_threshold=676964 6407366 10945216 1196148 76289 8651312
is_linear=0
shrinkage=0.1


Tree=24
num_leaves=31
num_cat=8
split_feature=1 11 7 9 0 0 0 1 1 0 9 1 0 1 0 0 1 9 9 7 1 4 0 7 10 7 8 7 12 8
split_gain=22.5974 16.2462 11.0204 8.79953 8.44963 7.88624 7.84436 5.80175 5.19461 8.66298 6.78897 4.71839 6.52574 5.8495 6.27198 4.51035 4.25734 3.93343 3.57275 3.42603 3.14001 3.0395 3.01359 3.14244 2.94786 2.93765 3.0874 2.8595 2.80514 3.00386
threshold=5.5000000000000009 0.35515000000000002 4.6450000000000005 7.535000000000001 0 1 2 1.5000000000000002 1.5000000000000002 3 7.4150000000000009 2.5000000000000004 4 3.5000000000000004 5 6 2.5000000000000004 7.2650000000000006 7.285000000000001 4.8650000000000011 2.5000000000000004 49.500000000000007 7 6.285000000000001 0.38915000000000005 5.1850000000000014 0.28020000000000006 1.5250000000000001 0.26255000000000006 0.33045000000000002
decision_type=2 2 2 2 1 1 1 2 2 1 2 2 1 2 1 1 2 2 2 2 2 2 1 2 2 2 2 2 2 2
left_child=1 2 15 4 21 18 20 -5 9 -8 11 12 -10 24 25 -1 -17 -7 27 -11 -3 -4 23 -9 -13 26 -15 -2 -6 -30
right_child=5 6 3 7 28 17 8 22 10 19 -12 13 -14 14 -16 16 -18 -19 -20 -21 -22 -23 -24 -25 -26 -27 -28 -29 29 -31
leaf_value=-0.00068029719446821265 -0.0050061380294853658 -0.0023116075779065193 -0.0011847202887234768 0.0015531588353561356 0.00088052277153043428 -0.003377865229565707 0.0059696913046527285 0.0016695695246137562 0.003347074395240584 -0.0024782893054732229 -0.0037180234152826789 0.0025602671777194925 -0.0016213497425884233 -0.00067782648208342035 0.0021078727557797164 -0.0045039679437554811 -0.0018724803646186752 -0.0089535253937646463 -0.0062546820795320208 0.0022561995668203801 0.0003044280838346039 0.0019556451084539015 -0.0036169815737676463 -0.011104913083949161 0.0057162831621624163 -0.0029747502362549114 0.0058339952107585294 -0.00048627022175069465 0.00045477355709574237 -0.0012297248593314213
leaf_weight=16388 1503 7691 3514 1359 12314 22401 6397 223 3616 2067 2777 8986 9748 3505 18092 9402 17764 1341 1269 5866 11373 25074 2263 1411 4413 4398 919 20368 14330 40520
leaf_count=16388 1503 7691 3514 1359 12314 22401 6397 223 3616 2067 2777 8986 9748 3505 18092 9402 17764 1341 1269 5866 11373 25074 2263 1411 4413 4398 919 20368 14330 40520
internal_value=-0.000406986 -6.15117e-06 -0.00066247 -8.91358e-05 0.000129542 -0.00241116 0.00104984 -0.00407294 0.00153463 0.00323517 0.00110324 0.00135267 -0.000275714 0.00189249 0.00104256 -0.00199211 -0.0027822 -0.00369124 -0.00109571 0.00102131 -0.000750567 0.00156909 -0.00603493 -0.00930457 0.00359971 -0.00114326 0.000674878 -0.000796881 -0.000483354 -0.000789636
internal_weight=281292 234410 144562 101008 95752 46882 89848 5256 70784 14330 56454 53677 13364 40313 26914 43554 27166 23742 23140 7933 19064 28588 3897 1634 13399 8822 4424 21871 67164 54850
internal_count=281292 234410 144562 101008 95752 46882 89848 5256 70784 14330 56454 53677 13364 40313 26914 43554 27166 23742 23140 7933 19064 28588 3897 1634 13399 8822 4424 21871 67164 54850
cat_boundaries=0 1 2 3 4 5 6 7 8
cat_threshold=2249824 1628478 10755 8503536 82084 10846336 7455812 638538
is_linear=0
shrinkage=0.1


Tree=25
num_leaves=31
num_cat=9
split_feature=1 11 8 7 0 12 0 0 1 9 1 9 8 0 9 0 0 11 7 7 1 0 6 0 12 7 1 0 9 1
split_gain=18.3043 13.709 9.67447 9.49899 7.53785 7.22006 6.81411 6.67212 5.97514 5.46975 4.70896 4.70703 5.54568 4.33727 4.10853 3.52588 3.49938 3.39271 3.0318 3.02836 2.97531 2.60366 2.60341 2.56937 2.98684 2.46322 2.37826 2.3713 2.35938 2.32137
threshold=5.5000000000000009 0.38785000000000008 0.25685000000000008 6.1950000000000012 0 0.28010000000000007 1 2 2.5000000000000004 7.5650000000000004 1.5000000000000002 5.3350000000000009 0.18455000000000002 3 7.3650000000000011 4 5 0.27565000000000006 6.6850000000000014 5.1450000000000005 4.5000000000000009 6 0.17500000000000002 7 1.0000000180025095e-35 1.405 3.5000000000000004 8 1.0000000180025095e-35 1.5000000000000002
decision_type=2 2 2 2 1 2 1 1 2 2 2 2 2 1 2 1 1 2 2 2 2 1 2 1 2 2 2 1 2 2
left_child=1 2 6 4 -4 -5 20 19 15 16 -11 12 26 18 25 -8 -7 23 22 -2 -1 -12 -3 24 -6 -9 -10 -19 -15 -29
right_child=7 13 3 5 17 9 8 14 11 10 21 -13 -14 28 -16 -17 -18 27 -20 -21 -22 -23 -24 -25 -26 -27 -28 29 -30 -31
leaf_value=0.00055343517151655705 -0.0024379629874836566 0.0038463897632400046 -0.0011512533867521753 0.0013236292137345784 0.0061076801560064897 -2.7151857949716721e-05 -0.0022350714194422383 -0.0048078514061382291 0.0022067452432362063 0.00057338724164750254 -0.011517550287435271 0.0037567602152222598 -0.0036264862454103023 0.0037325534078587563 -0.0064543840043332816 -0.0058192588886735999 -0.0021646314985920337 0.0024860722298914745 -0.00044138127631253093 -0.0053639955470480482 -0.002289568217278676 -0.0051399557242968602 0.0011436346560753637 -0.00088074460236957277 0.00070631338237535661 -0.00091989866240324385 -0.0012085879343757028 0.0030940511649491945 0.00049103122304170073 0.00042605152251251984
leaf_weight=15455 6699 11992 17006 9688 1169 12910 4793 1725 2784 1098 920 1591 9610 2402 1523 6554 18845 21163 2925 7494 4832 2313 5071 10856 8241 29441 7618 4094 34449 16031
leaf_count=15455 6699 11992 17006 9688 1169 12910 4793 1725 2784 1098 920 1591 9610 2402 1523 6554 18845 21163 2925 7494 4832 2313 5071 10856 8241 29441 7618 4094 34449 16031
internal_value=-0.000366268 -5.51256e-06 -0.000438177 4.48142e-05 0.000712009 -0.00110026 -0.00156619 -0.00217004 -0.00245357 -0.00175101 -0.00508471 -0.00147836 -0.00189456 0.00134618 -0.0013825 -0.00431239 -0.00129633 0.00122677 0.00253197 -0.00398012 -0.000123656 -0.00700632 0.00304315 0.000167297 0.00137586 -0.00113509 -0.000294505 0.00174711 0.000702128 0.000968318
internal_weight=281292 234410 177571 124334 78560 45774 53237 46882 32950 36086 4331 21603 20012 56839 32689 11347 31755 61554 19988 14193 20287 3233 17063 20266 9410 31166 10402 41288 36851 20125
internal_count=281292 234410 177571 124334 78560 45774 53237 46882 32950 36086 4331 21603 20012 56839 32689 11347 31755 61554 19988 14193 20287 3233 17063 20266 9410 31166 10402 41288 36851 20125
cat_boundaries=0 1 2 3 4 5 6 7 8 9
cat_threshold=1057409 6406342 10945152 3293300 8652336 5436512 2687562 2907204 676988
is_linear=0
shrinkage=0.1


Tree=26
num_leaves=31
num_cat=9
split_feature=1 11 7 9 0 0 0 1 1 0 7 10 1 0 7 8 9 1 1 1 0 1 1 0 7 9 1 0 0 1
split_gain=14.8248 11.2266 8.02592 6.66834 6.7092 5.57185 4.72404 4.66143 4.58854 5.40992 4.42647 4.87644 4.21691 4.50651 4.4707 4.06357 5.1152 4.04235 5.20771 3.50455 6.61982 3.53685 3.45061 4.17091 3.35304 5.45107 3.36242 4.07724 3.21062 3.05138
threshold=5.5000000000000009 0.36945000000000006 4.6450000000000005 7.285000000000001 0 1 2 1.5000000000000002 2.5000000000000004 3 5.1650000000000009 0.41610000000000008 1.5000000000000002 4 6.5650000000000004 0.17255000000000001 5.3350000000000009 2.5000000000000004 1.5000000000000002 1.5000000000000002 5 2.5000000000000004 3.5000000000000004 6 1.655 2.0050000000000003 2.5000000000000004 7 8 1.5000000000000002
decision_type=2 2 2 2 1 1 1 2 2 1 2 2 2 1 2 2 2 2 2 2 1 2 2 1 2 2 2 1 1 2
left_child=1 2 15 4 19 -2 17 -5 9 -6 -10 -12 13 -8 -14 24 -17 18 -3 20 -4 -21 -23 -24 25 -1 27 -26 -18 -11
right_child=5 6 3 7 8 -7 12 -9 10 29 11 -13 14 -15 -16 16 28 -19 -20 21 -22 22 23 -25 26 -27 -28 -29 -30 -31
leaf_value=-0.0057820300878619465 -0.00074224600740320089 0.0007355767631244543 0.0036827638264250056 0.0012609095840681612 0.0017796740395601533 -0.0029353817971075279 0.0079077572471447852 -0.0039278194117231876 0.0038349681576300039 6.5380243175012774e-05 -0.00015519720468961575 0.0027296732092147481 0.0017352786679425839 0.0024291009624964701 -0.0014218325341612871 -0.0027865549674396177 -0.0029394843366099608 0.0010326696818779414 -0.0032148881822990985 -0.002724050852072551 -0.0013607330448666194 0.00099471469160881715 -0.0033121643501950143 -0.00017699626053995139 0.00088602825961559537 0.01686525563750647 0.00093572896982445537 -0.0044947917078873604 0.0037557426239642534 -0.0029069000974335552
leaf_weight=1787 21016 6737 4844 2324 9212 25866 1971 6790 7745 7269 13638 10273 27382 6353 5364 25443 1080 19704 6612 9804 5604 9811 6705 11545 2607 113 11973 3052 2087 6581
leaf_count=1787 21016 6737 4844 2324 9212 25866 1971 6790 7745 7269 13638 10273 27382 6353 5364 25443 1080 19704 6612 9804 5604 9811 6705 11545 2607 113 11973 3052 2087 6581
internal_value=-0.000329735 -5.07414e-06 -0.000475686 -1.20568e-05 0.000217288 -0.00195304 0.0010126 -0.00260473 0.000975447 -9.72555e-05 0.00175724 0.00108424 0.00172859 0.00373878 0.00121812 -0.00155569 -0.0023148 0.000122386 -0.00122116 -0.000641451 0.000979803 -0.00108897 -0.000517702 -0.00133076 -0.000443761 -0.00443511 -1.36589e-05 -0.00202232 0.00147514 -0.00134596
internal_weight=281292 234410 160287 112145 103031 46882 74123 9114 54718 23062 31656 23911 41070 8324 32746 48142 28610 33053 13349 48313 10448 37865 28061 18250 19532 1900 17632 5659 3167 13850
internal_count=281292 234410 160287 112145 103031 46882 74123 9114 54718 23062 31656 23911 41070 8324 32746 48142 28610 33053 13349 48313 10448 37865 28061 18250 19532 1900 17632 5659 3167 13850
cat_boundaries=0 1 2 3 4 5 6 7 8 9
cat_threshold=8727443 1626430 9222667 148576 65728 8716672 8454784 10602196 5771960
is_linear=0
shrinkage=0.1


Tree=27
num_leaves=31
num_cat=8
split_feature=1 11 0 1 0 1 1 0 0 1 9 10 9 9 7 0 1 0 1 7 8 7 3 0 0 10 7 7 7 12
split_gain=12.0096 9.42686 8.00087 8.00382 9.93606 9.78952 10.2393 7.0203 6.05047 5.53124 5.35905 5.76418 5.15085 4.83279 4.61083 4.43264 3.96587 3.92555 3.54267 3.54111 3.15779 3.0135 2.9728 2.86616 2.83899 2.75491 3.31882 2.69608 2.66259 2.64
threshold=5.5000000000000009 0.40920000000000006 0 1.5000000000000002 1 2.5000000000000004 3.5000000000000004 2 3 2.5000000000000004 7.2650000000000006 0.37220000000000003 7.285000000000001 3.7550000000000003 4.8650000000000011 4 3.5000000000000004 5 1.5000000000000002 5.1450000000000005 0.27070000000000005 1.5250000000000001 25.500000000000004 6 7 0.3342500000000001 5.0850000000000009 5.205000000000001 2.9850000000000008 0.11930000000000003
decision_type=2 2 1 2 1 2 2 1 1 2 2 2 2 2 2 1 2 1 2 2 2 2 2 1 1 2 2 2 2 2
left_child=1 2 9 4 -4 7 17 13 -8 18 11 21 15 -5 28 19 -11 -7 20 -2 -1 -10 -20 -14 -3 -19 -27 -13 -6 -15
right_child=12 24 3 5 14 6 8 -9 10 16 -12 27 23 29 -16 -17 -18 25 22 -21 -22 -23 -24 -25 -26 26 -28 -29 -30 -31
leaf_value=-0.0044335603874259824 -0.0013474479984122796 0.0025405679407448627 0.0038399089022083202 0.0038243837974208995 -0.01255071498928409 -0.00037431352819663441 -0.0023417368518012047 -0.0033116024611192351 -0.0061648712257571549 0.0011100324011595894 -0.0044027244300694829 0.0051768517526301402 -0.010588705841011395 0.0054613624231527194 0.0010493397249724905 -0.00071731146567622283 -0.0013522179789890209 0.0013972903220411249 0.0010046498764408197 -0.0042364293526540031 -0.00030131730929999556 -0.00030877157723131613 -0.0046456296007340398 -0.0035467314714052929 0.00077350267583780946 0.007983068407559744 0.0028695845553991886 0.001383706516709729 -0.0020442067788449931 -0.0014599331926334143
leaf_weight=2480 8576 14025 11554 2445 255 6618 13953 15705 908 9812 2552 2246 915 582 12708 27352 19625 12408 1042 8397 7272 27258 8754 1642 25906 1487 8668 11309 4459 10379
leaf_count=2480 8576 14025 11554 2445 255 6618 13953 15705 908 9812 2552 2246 915 582 12708 27352 19625 12408 1042 8397 7272 27258 8754 1642 25906 1487 8668 11309 4459 10379
internal_value=-0.000296746 -4.53193e-06 -0.000291884 8.0326e-05 0.00156765 -0.000289538 0.000239442 -0.00187782 -0.000526776 -0.00139714 4.5742e-05 0.000317858 -0.00175781 -0.000195551 5.8482e-05 -0.00150606 -0.000531496 0.00176831 -0.00270142 -0.00277507 -0.00135217 -0.000497557 -0.00404461 -0.00612192 0.00139498 0.00239587 0.00361835 0.00201221 -0.00261255 -0.00109243
internal_weight=281292 234410 194479 145494 28976 116518 87407 29111 58226 48985 44273 41721 46882 13406 17422 44325 29437 29181 19548 16973 9752 28166 9796 2557 39931 22563 10155 13555 4714 10961
internal_count=281292 234410 194479 145494 28976 116518 87407 29111 58226 48985 44273 41721 46882 13406 17422 44325 29437 29181 19548 16973 9752 28166 9796 2557 39931 22563 10155 13555 4714 10961
cat_boundaries=0 1 2 3 4 5 6 7 8
cat_threshold=272905 8504512 2180324 8454304 15139457 65936 1254986 1070200
is_linear=0
shrinkage=0.1


Tree=28
num_leaves=31
num_cat=11
split_feature=11 1 8 7 9 12 0 9 8 0 1 0 7 9 0 9 0 7 0 10 1 0 0 9 9 0 1 1 0 0
split_gain=10.7075 7.89512 6.15327 5.87473 4.75757 4.74214 4.68302 4.28613 5.53989 3.8812 4.23392 5.01599 3.5885 3.76474 3.45833 3.25339 3.11634 3.06794 2.8041 2.76262 2.67936 2.67739 2.6204 2.55968 4.64405 3.93601 3.13252 5.42351 3.40737 2.65062
threshold=0.36945000000000006 5.5000000000000009 0.25685000000000008 6.1950000000000012 7.285000000000001 0.27295000000000008 0 5.3150000000000004 0.17255000000000001 1 1.5000000000000002 2 1.5250000000000001 7.5050000000000008 3 7.535000000000001 4 1.5250000000000001 5 0.17255000000000001 2.5000000000000004 6 7 3.5650000000000004 5.955000000000001 8 2.5000000000000004 1.5000000000000002 9 10
decision_type=2 2 2 2 2 2 1 2 2 1 2 1 2 2 1 2 1 2 1 2 2 1 1 2 2 1 2 2 1 1
left_child=1 2 7 6 16 -5 -4 8 17 -2 11 19 -12 14 -14 23 -3 -1 -10 -11 -9 -17 -19 25 -25 -7 27 28 -26 -29
right_child=9 4 3 5 -6 15 -8 20 18 10 12 -13 13 -15 -16 21 -18 22 -20 -21 -22 -23 -24 24 26 -27 -28 29 -30 -31
leaf_value=-0.0048213955369593286 -0.00065259047055985344 -0.00068507881678562654 -0.00040655857966478 0.0012261954532892662 -0.0072775995612253388 0.0082089511625291871 0.0012426139880362928 -0.0014956872795738197 -0.0014301290716850414 0.011601296945399254 -0.0045786261405951273 0.0012192532905741038 -0.00034730754667285985 -0.0030634169448669631 0.0014176683376154926 -0.0076950266185319338 -0.0027244496712719325 0.0015260510554791918 -0.0035722183577300039 0.0044359571555416238 0.0036206922068601172 -0.0023169453633897622 -0.00097508410414991198 -0.0037177325462729957 -0.00317723514614732 -0.0020532495485845906 0.0004905358814831708 -0.009434228961968244 0.002072630452198126 -0.0032957325885866699
leaf_weight=1422 18392 13383 29426 8100 1692 718 41488 1661 11032 639 1294 7867 15472 2481 39296 1359 17082 6892 13826 3407 2667 2958 10646 6191 1938 765 11693 908 3374 3223
leaf_count=1422 18392 13383 29426 8100 1692 718 41488 1661 11032 639 1294 7867 15472 2481 39296 1359 17082 6892 13826 3407 2667 2958 10646 6191 1938 765 11693 908 3374 3223
internal_value=-0.00026712 -0.000686335 -0.000399445 6.5323e-06 -0.00211634 -0.000942732 0.000558402 -0.00134504 -0.00164157 0.000640897 0.000978506 0.0026971 0.000628953 0.00074666 0.000919257 -0.00147306 -0.00182969 -0.000354099 -0.00262357 0.00555388 0.00165713 -0.00403317 8.11428e-06 -0.00108945 -0.00130903 0.00295674 -0.00060349 -0.00195819 0.00015522 -0.0046758
internal_weight=281292 192444 160287 112141 32157 41227 70914 48146 43818 88848 70456 11913 58543 57249 54768 33127 30465 18960 24858 4046 4328 4317 17538 28810 27327 1483 21136 9443 5312 4131
internal_count=281292 192444 160287 112141 32157 41227 70914 48146 43818 88848 70456 11913 58543 57249 54768 33127 30465 18960 24858 4046 4328 4317 17538 28810 27327 1483 21136 9443 5312 4131
cat_boundaries=0 1 2 3 4 5 6 7 8 9 10 11
cat_threshold=5350275 10755 8454384 8487104 5298510 6541510 631370 11633671 14184967 2108447 38917
is_linear=0
shrinkage=0.1


Tree=29
num_leaves=31
num_cat=9
split_feature=11 1 7 4 0 1 0 7 8 10 0 12 9 8 0 7 8 0 0 1 0 0 0 9 9 10 10 9 7 10
split_gain=8.70753 5.04622 4.93403 4.75271 4.69239 4.61583 6.44901 5.12802 4.7883 4.28785 3.80288 3.77678 3.44768 3.42718 3.34337 3.2392 3.20277 3.05933 3.05264 3.02905 3.76758 2.70986 2.63301 2.44339 2.42896 2.62504 2.36411 2.91405 2.31753 2.28582
threshold=0.35010000000000002 5.5000000000000009 4.6650000000000009 58.500000000000007 0 4.5000000000000009 1 6.1950000000000012 0.28020000000000006 0.65250000000000019 2 0.25940000000000002 7.285000000000001 0.12805000000000002 3 2.2050000000000005 0.33045000000000002 4 5 2.5000000000000004 6 7 8 2.0050000000000003 5.0750000000000011 0.37540000000000001 0.43785000000000002 4.8850000000000007 6.9150000000000009 0.34160000000000007
decision_type=2 2 2 2 1 2 1 2 2 2 1 2 2 2 1 2 2 1 1 2 1 1 1 2 2 2 2 2 2 2
left_child=1 2 13 4 -2 7 -7 8 10 11 -6 22 -3 15 -11 23 19 -15 -10 20 -13 -18 -4 -1 -20 -26 27 -9 -8 -21
right_child=3 12 9 -5 5 6 28 26 18 14 -12 16 -14 17 -16 -17 21 -19 24 29 -22 -23 -24 -25 25 -27 -28 -29 -30 -31
leaf_value=-0.0032674458061876101 -0.00090946491738402857 -0.001668421014414729 3.6927447068106182e-05 -0.0036554548625044019 0.0024211151566702208 0.0016598647185599377 -0.00097520619790010933 0.002501299364732399 0.0043105855639586528 -0.00014539667798929901 -0.00038745395945919119 0.0016555627948349394 -0.0066364482294105119 -0.00085991954180972871 -0.0066792383260157774 0.0015751603799308009 0.0004720259781571391 -0.0027803808282377313 0.0036856656619294876 0.00098662658649041808 -0.0028473783992890096 -0.0010498442517234412 0.0025569136028319277 0.0076704225762077183 -0.0010267879950624909 0.0023194049269280644 0.00078125353609072865 -0.0026363947069711988 -0.0049355515681926898 0.0040629901801520025
leaf_weight=2692 18852 26374 7541 2781 8085 11828 17604 1389 8916 1458 11919 3571 1475 16501 1698 6501 16462 16733 5420 8075 3854 40416 9217 221 3767 6208 11295 5380 1613 3446
leaf_count=2692 18852 26374 7541 2781 8085 11828 17604 1389 8916 1458 11919 3571 1475 16501 1698 6501 16462 16733 5420 8075 3854 40416 9217 221 3767 6208 11295 5380 1613 3446
internal_value=-0.00024049 -0.000703365 -0.000456204 0.000428275 0.000529426 0.000819789 -0.000176489 0.00131575 0.00189463 -5.76732e-05 0.0007487 6.58882e-05 -0.00193155 -0.00135084 -0.00368238 0.000333473 -0.000234377 -0.00182795 0.00283754 0.000891712 -0.000683327 -0.000609476 0.00142448 -0.00243762 0.00198035 0.00105573 -0.000104364 -0.00158214 -0.00130694 0.00190679
internal_weight=281292 166235 138386 115057 112276 93424 31045 62379 44315 95738 20004 92582 27849 42648 3156 9414 75824 33234 24311 18946 7425 56878 16758 2913 15395 9975 18064 6769 19217 11521
internal_count=281292 166235 138386 115057 112276 93424 31045 62379 44315 95738 20004 92582 27849 42648 3156 9414 75824 33234 24311 18946 7425 56878 16758 2913 15395 9975 18064 6769 19217 11521
cat_boundaries=0 1 2 3 4 5 6 7 8 9
cat_threshold=10753 5248308 10944596 12075199 8114246 4342952 14796002 4346976 13443723
is_linear=0
shrinkage=0.1


end of trees

feature_importances:
場=191
全国勝率=152
枠番=149
当地勝率=111
全国2連=79
当地2連=60
モータ2連=48
ボート2連=32
年齢=27
平均ST=20
体重=16
級=10
F数=5

parameters:
[boosting: gbdt]
[objective: regression]
[metric: l2]
[tree_learner: serial]
[device_type: cpu]
[data_sample_strategy: bagging]
[data: ]
[valid: ]
[num_iterations: 10]
[learning_rate: 0.1]
[num_leaves: 31]
[num_threads: 0]
[seed: 0]
[deterministic: 0]
[force_col_wise: 0]
[force_row_wise: 0]
[histogram_pool_size: -1]
[max_depth: -1]
[min_data_in_leaf: 20]
[min_sum_hessian_in_leaf: 0.001]
[bagging_fraction: 1]
[pos_bagging_fraction: 1]
[neg_bagging_fraction: 1]
[bagging_freq: 0]
[bagging_seed: 3]
[bagging_by_query: 0]
[feature_fraction: 1]
[feature_fraction_bynode: 1]
[feature_fraction_seed: 2]
[extra_trees: 0]
[extra_seed: 6]
[early_stopping_round: 0]
[early_stopping_min_delta: 0]
[first_metric_only: 0]
[max_delta_step: 0]
[lambda_l1: 0]
[lambda_l2: 0]
[linear_lambda: 0]
[min_gain_to_split: 0]
[drop_rate: 0.1]
[max_drop: 50]
[skip_drop: 0.5]
[xgboost_dart_mode: 0]
[uniform_drop: 0]
[drop_seed: 4]
[top_rate: 0.2]
[other_rate: 0.1]
[min_data_per_group: 100]
[max_cat_threshold: 32]
[cat_l2: 10]
[cat_smooth: 10]
[max_cat_to_onehot: 4]
[top_k: 20]
[monotone_constraints: ]
[monotone_constraints_method: basic]
[monotone_penalty: 0]
[feature_contri: ]
[forcedsplits_filename: ]
[refit_decay_rate: 0.9]
[cegb_tradeoff: 1]
[cegb_penalty_split: 0]
[cegb_penalty_feature_lazy: ]
[cegb_penalty_feature_coupled: ]
[path_smooth: 0]
[interaction_constraints: ]
[verbosity: -1]
[saved_feature_importance_type: 0]
[use_quantized_grad: 0]
[num_grad_quant_bins: 4]
[quant_train_renew_leaf: 0]
[stochastic_rounding: 1]
[linear_tree: 0]
[max_bin: 255]
[max_bin_by_feature: ]
[min_data_in_bin: 3]
[bin_construct_sample_cnt: 200000]
[data_random_seed: 1]
[is_enable_sparse: 1]
[enable_bundle: 1]
[use_missing: 1]
[zero_as_missing: 0]
[feature_pre_filter: 1]
[pre_partition: 0]
[two_round: 0]
[header: 0]
[label_column: ]
[weight_column: ]
[group_column: ]
[ignore_column: ]
[categorical_feature: 0]
[forcedbins_filename: ]
[precise_float_parser: 0]
[parser_config_file: ]
[objective_seed: 5]
[num_class: 1]
[is_unbalance: 0]
[scale_pos_weight: 1]
[sigmoid: 1]
[boost_from_average: 1]
[reg_sqrt: 0]
[alpha: 0.9]
[fair_c: 1]
[poisson_max_delta_step: 0.7]
[tweedie_variance_power: 1.5]
[lambdarank_truncation_level: 30]
[lambdarank_norm: 1]
[label_gain: ]
[lambdarank_position_bias_regularization: 0]
[eval_at: ]
[multi_error_top_k: 1]
[auc_mu_weights: ]
[num_machines: 1]
[local_listen_port: 12400]
[time_out: 120]
[machine_list_filename: ]
[machines: ]
[gpu_platform_id: -1]
[gpu_device_id: -1]
[gpu_use_dp: 0]
[num_gpu: 1]

end of parameters

pandas_categorical:[[1, 2, 3, 4, 5, 6, 7, 8, 9, 10, 11, 12, 13, 14, 15, 16, 17, 18, 19, 20, 21, 22, 23, 24]]
